.	27285257	27285257	5.09696
de	22192266	49477523	9.24254
,	17984014	67461537	12.602
van	12102628	79564165	14.8628
het	10033178	89597343	16.737
een	9990376	99587719	18.6033
en	9099035	108686754	20.303
in	8361845	117048599	21.865
is	5736376	122784975	22.9366
dat	5066682	127851657	23.8831
op	4720083	132571740	24.7648
te	4246533	136818273	25.558
zijn	4000272	140818545	26.3053
met	3799660	144618205	27.0151
De	3785467	148403672	27.7222
voor	3780969	152184641	28.4285
niet	3650263	155834904	29.1104
die	3572853	159407757	29.7778
)	3451075	162858832	30.4225
:	3430704	166289536	31.0634
(	3229121	169518657	31.6666
ik	2869495	172388152	32.2026
"	2814371	175202523	32.7283
-	2637106	177839629	33.221
'	2618414	180458043	33.7101
?	2589010	183047053	34.1937
aan	2452957	185500010	34.6519
er	2320779	187820789	35.0855
je	2268126	190088915	35.5092
ook	2139461	192228376	35.9088
om	2108181	194336557	36.3026
maar	2081448	196418005	36.6915
als	1901616	198319621	37.0467
Het	1856296	200175917	37.3934
nog	1731830	201907747	37.717
dan	1686826	203594573	38.0321
ze	1668609	205263182	38.3438
was	1626814	206889996	38.6476
bij	1590494	208480490	38.9448
naar	1544610	210025100	39.2333
hij	1541214	211566314	39.5212
!	1491443	213057757	39.7998
Ik	1477360	214535117	40.0758
uit	1467237	216002354	40.3499
of	1439949	217442303	40.6189
heeft	1383465	218825768	40.8773
door	1314304	220140072	41.1228
over	1286472	221426544	41.3631
al	1224785	222651329	41.5919
worden	1145909	223797238	41.806
tot	1132796	224930034	42.0176
wel	1123651	226053685	42.2275
meer	1114322	227168007	42.4356
we	1096984	228264991	42.6406
hebben	1067689	229332680	42.84
In	1062845	230395525	43.0385
wordt	1042247	231437772	43.2332
geen	1022111	232459883	43.4242
wat	1010302	233470185	43.6129
kan	1008932	234479117	43.8014
jaar	1004216	235483333	43.989
zich	875668	236359001	44.1525
nu	860753	237219754	44.3133
...	835575	238055329	44.4694
moet	823169	238878498	44.6232
Dat	821986	239700484	44.7767
hun	787868	240488352	44.9239
werd	787502	241275854	45.071
zo	781904	242057758	45.2171
Maar	771325	242829083	45.3612
mijn	743567	243572650	45.5001
dit	721979	244294629	45.6349
haar	721864	245016493	45.7698
En	720963	245737456	45.9045
kunnen	703127	246440583	46.0358
zou	692028	247132611	46.1651
Een	676809	247809420	46.2915
1	674193	248483613	46.4175
heb	669555	249153168	46.5425
deze	666157	249819325	46.667
veel	658795	250478120	46.79
;	655070	251133190	46.9124
Van	643361	251776551	47.0326
tegen	641921	252418472	47.1525
had	639278	253057750	47.2719
zal	620428	253678178	47.3878
goed	580575	254258753	47.4963
/	575117	254833870	47.6037
Hij	574484	255408354	47.711
twee	559805	255968159	47.8156
na	545062	256513221	47.9174
wil	544546	257057767	48.0191
andere	531787	257589554	48.1185
moeten	530222	258119776	48.2175
me	526512	258646288	48.3159
toch	523380	259169668	48.4136
2	522587	259692255	48.5113
gaan	521663	260213918	48.6087
gaat	517101	260731019	48.7053
eerste	515501	261246520	48.8016
ben	504435	261750955	48.8958
mensen	499662	262250617	48.9892
weer	497426	262748043	49.0821
daar	493477	263241520	49.1743
waar	485187	263726707	49.2649
nieuwe	479448	264206155	49.3545
hem	469082	264675237	49.4421
doen	463308	265138545	49.5286
onder	462538	265601083	49.615
dus	455463	266056546	49.7001
ons	455275	266511821	49.7852
u	442385	266954206	49.8678
hier	441788	267395994	49.9503
We	433023	267829017	50.0312
mij	432495	268261512	50.112
Ze	429546	268691058	50.1923
Als	427499	269118557	50.2721
zegt	414138	269532695	50.3495
eens	410211	269942906	50.4261
maken	405119	270348025	50.5018
heel	397543	270745568	50.5761
alleen	392355	271137923	50.6493
*	389068	271526991	50.722
Op	383265	271910256	50.7936
tussen	377014	272287270	50.864
komt	375022	272662292	50.9341
3	374792	273037084	51.0041
uur	374751	273411835	51.0741
alle	370935	273782770	51.1434
komen	369466	274152236	51.2124
iets	369100	274521336	51.2814
Er	367152	274888488	51.35
onze	366115	275254603	51.4184
''	364691	275619294	51.4865
waren	359927	275979221	51.5537
omdat	359598	276338819	51.6209
staat	357938	276696757	51.6878
mee	347243	277044000	51.7526
af	346107	277390107	51.8173
euro	341729	277731836	51.8811
altijd	340240	278072076	51.9447
grote	337408	278409484	52.0077
tijd	333121	278742605	52.0699
Ook	324528	279067133	52.1305
één	323635	279390768	52.191
Wat	318571	279709339	52.2505
zelf	316322	280025661	52.3096
zoals	310271	280335932	52.3676
hoe	309493	280645425	52.4254
drie	307728	280953153	52.4829
:p	302240	281255393	52.5393
Die	296669	281552062	52.5947
toen	296148	281848210	52.6501
zonder	293071	282141281	52.7048
weet	292667	282433948	52.7595
Je	291907	282725855	52.814
dag	290690	283016545	52.8683
..	288105	283304650	52.9221
Voor	287307	283591957	52.9758
man	284617	283876574	53.029
eigen	280374	284156948	53.0813
keer	280298	284437246	53.1337
zien	278682	284715928	53.1858
echt	272533	284988461	53.2367
toe	266519	285254980	53.2865
leven	266214	285521194	53.3362
4	266159	285787353	53.3859
weg	259650	286047003	53.4344
zij	259013	286306016	53.4828
plaats	258778	286564794	53.5311
want	257350	286822144	53.5792
alles	253041	287075185	53.6265
jaren	252870	287328055	53.6737
willen	250238	287578293	53.7205
laten	249120	287827413	53.767
nooit	246809	288074222	53.8131
Met	242703	288316925	53.8584
zullen	242385	288559310	53.9037
werden	242160	288801470	53.9489
enkele	242154	289043624	53.9942
0	241890	289285514	54.0394
%	241216	289526730	54.0844
terug	238356	289765086	54.129
vooral	235806	290000892	54.173
week	235011	290235903	54.2169
zeker	234710	290470613	54.2607
da	233971	290704584	54.3045
wij	232728	290937312	54.3479
5	232383	291169695	54.3913
mag	231957	291401652	54.4347
kon	231785	291633437	54.478
Dit	231028	291864465	54.5211
laatste	230864	292095329	54.5643
zelfs	230245	292325574	54.6073
even	227867	292553441	54.6498
staan	227828	292781269	54.6924
zeggen	226416	293007685	54.7347
tweede	225833	293233518	54.7769
kinderen	225570	293459088	54.819
kwam	223651	293682739	54.8608
men	223330	293906069	54.9025
krijgen	223084	294129153	54.9442
werk	221461	294350614	54.9855
Bij	213860	294564474	55.0255
zit	213025	294777499	55.0653
land	212352	294989851	55.105
beter	211751	295201602	55.1445
minder	210685	295412287	55.1839
per	210293	295622580	55.2232
wie	210013	295832593	55.2624
6	209615	296042208	55.3015
net	209516	296251724	55.3407
ja	208855	296460579	55.3797
steeds	208855	296669434	55.4187
procent	207452	296876886	55.4575
blijft	206494	297083380	55.496
Europese	205567	297288947	55.5344
gewoon	204547	297493494	55.5726
aantal	203823	297697317	55.6107
binnen	203706	297901023	55.6488
niets	202218	298103241	55.6865
blijven	201002	298304243	55.7241
ging	200467	298504710	55.7615
miljoen	199112	298703822	55.7987
werken	195971	298899793	55.8353
elkaar	195932	299095725	55.8719
Ja	194162	299289887	55.9082
lang	191727	299481614	55.944
via	189025	299670639	55.9793
anders	188673	299859312	56.0146
Nederland	188458	300047770	56.0498
geven	187517	300235287	56.0848
jij	186659	300421946	56.1197
hadden	186047	300607993	56.1544
laat	184698	300792691	56.1889
10	183901	300976592	56.2233
weten	183746	301160338	56.2576
zei	183134	301343472	56.2918
Na	182931	301526403	56.326
Zo	181632	301708035	56.3599
goede	181229	301889264	56.3938
hele	181129	302070393	56.4276
zo'n	180623	302251016	56.4614
]	180391	302431407	56.4951
rond	179985	302611392	56.5287
samen	178184	302789576	56.562
tijdens	177540	302967116	56.5951
:)	177298	303144414	56.6283
geleden	177058	303321472	56.6613
moest	176973	303498445	56.6944
iemand	176348	303674793	56.7273
doet	176035	303850828	56.7602
volgens	174190	304025018	56.7928
Re	172493	304197511	56.825
geld	172260	304369771	56.8572
houden	170551	304540322	56.889
vind	170416	304710738	56.9208
vrouw	169823	304880561	56.9526
the	168961	305049522	56.9841
vinden	168875	305218397	57.0157
zouden	168750	305387147	57.0472
wereld	168458	305555605	57.0787
nodig	168333	305723938	57.1101
iedereen	167604	305891542	57.1414
zitten	167484	306059026	57.1727
allemaal	167433	306226459	57.204
hen	166281	306392740	57.235
erg	165942	306558682	57.266
vraag	165198	306723880	57.2969
vandaag	164873	306888753	57.3277
ga	164687	307053440	57.3585
verder	164044	307217484	57.3891
mogelijk	163937	307381421	57.4197
vier	163475	307544896	57.4503
[	162410	307707306	57.4806
Volgens	162114	307869420	57.5109
maakt	161964	308031384	57.5412
snel	161669	308193053	57.5714
België	161353	308354406	57.6015
deel	160948	308515354	57.6316
eerst	160924	308676278	57.6616
groot	159844	308836122	57.6915
dagen	159428	308995550	57.7213
denk	159103	309154653	57.751
Deze	159064	309313717	57.7807
nemen	158962	309472679	57.8104
echter	158090	309630769	57.8399
kreeg	157447	309788216	57.8693
later	157114	309945330	57.8987
bijna	157056	310102386	57.928
krijgt	156675	310259061	57.9573
ten	156617	310415678	57.9865
hebt	155965	310571643	58.0157
huis	155267	310726910	58.0447
achter	154239	310881149	58.0735
Nu	153745	311034894	58.1022
geweest	153686	311188580	58.1309
maanden	153469	311342049	58.1596
Hoe	151931	311493980	58.188
vaak	151222	311645202	58.2162
opnieuw	151100	311796302	58.2444
ligt	150087	311946389	58.2725
pas	149899	312096288	58.3005
Vlaamse	149534	312245822	58.3284
weinig	149089	312394911	58.3563
7	149067	312543978	58.3841
helemaal	148603	312692581	58.4119
stad	148469	312841050	58.4396
der	147921	312988971	58.4672
Nederlandse	146934	313135905	58.4947
uw	146900	313282805	58.5221
lol	146834	313429639	58.5496
20	145439	313575078	58.5767
Amerikaanse	145353	313720431	58.6039
Door	144963	313865394	58.631
Belgische	143374	314008768	58.6577
gisteren	143363	314152131	58.6845
zeer	142884	314295015	58.7112
politie	142207	314437222	58.7378
gemaakt	140791	314578013	58.7641
volgende	140262	314718275	58.7903
jullie	139331	314857606	58.8163
8	138982	314996588	58.8423
duidelijk	138443	315135031	58.8681
Wie	138391	315273422	58.894
vijf	138247	315411669	58.9198
Brussel	137698	315549367	58.9455
The	137050	315686417	58.9711
ter	136147	315822564	58.9966
elke	135838	315958402	59.0219
manier	134342	316092744	59.047
geeft	133842	316226586	59.072
paar	133774	316360360	59.097
derde	133762	316494122	59.122
Daar	133577	316627699	59.147
....	133493	316761192	59.1719
Wij	132722	316893914	59.1967
regering	132616	317026530	59.2215
vindt	132555	317159085	59.2462
bent	132293	317291378	59.2709
enige	131894	317423272	59.2956
lijkt	131612	317554884	59.3202
naam	131296	317686180	59.3447
kleine	131294	317817474	59.3692
graag	131269	317948743	59.3937
&	130329	318079072	59.4181
Toen	130263	318209335	59.4424
waarin	129372	318338707	59.4666
natuurlijk	129274	318467981	59.4907
misschien	128111	318596092	59.5147
vrouwen	128106	318724198	59.5386
gedaan	127680	318851878	59.5625
geval	127590	318979468	59.5863
sinds	127532	319107000	59.6101
zie	126571	319233571	59.6338
weken	126315	319359886	59.6573
beste	126122	319486008	59.6809
genoeg	126117	319612125	59.7045
Dan	125484	319737609	59.7279
vragen	125329	319862938	59.7513
vanaf	124573	319987511	59.7746
minister	124512	320112023	59.7979
15	124124	320236147	59.821
Mijn	123422	320359569	59.8441
beetje	123395	320482964	59.8671
gezien	122847	320605811	59.8901
mogen	122646	320728457	59.913
verschillende	122446	320850903	59.9359
eigenlijk	121572	320972475	59.9586
Zijn	120603	321093078	59.9811
ge	120588	321213666	60.0036
groep	119590	321333256	60.026
spelen	118590	321451846	60.0481
Nee	118407	321570253	60.0703
Europa	117992	321688245	60.0923
onderzoek	117725	321805970	60.1143
bijvoorbeeld	117712	321923682	60.1363
seizoen	117541	322041223	60.1582
ni	117537	322158760	60.1802
moment	117495	322276255	60.2021
't	117399	322393654	60.2241
terwijl	117013	322510667	60.2459
kans	115743	322626410	60.2675
begin	115159	322741569	60.2891
12	114170	322855739	60.3104
vorig	113363	322969102	60.3316
ziet	113339	323082441	60.3527
tien	113153	323195594	60.3739
stond	112968	323308562	60.395
kijken	112908	323421470	60.4161
25	112521	323533991	60.4371
Niet	112073	323646064	60.458
9	111927	323757991	60.4789
brengen	111916	323869907	60.4998
@	111167	323981074	60.5206
Om	110975	324092049	60.5413
Vlaanderen	110965	324203014	60.5621
eerder	110864	324313878	60.5828
partij	110550	324424428	60.6034
Of	110430	324534858	60.624
soms	110421	324645279	60.6447
wilde	110151	324755430	60.6653
bedrijf	110039	324865469	60.6858
meteen	110003	324975472	60.7064
a	109951	325085423	60.7269
Is	109731	325195154	60.7474
enkel	109716	325304870	60.7679
Zij	109406	325414276	60.7883
hand	108979	325523255	60.8087
landen	108734	325631989	60.829
oude	108698	325740687	60.8493
buiten	108528	325849215	60.8696
probleem	108507	325957722	60.8898
vast	106351	326064073	60.9097
ooit	106349	326170422	60.9296
bekend	105510	326275932	60.9493
grootste	105001	326380933	60.9689
=	104981	326485914	60.9885
waarom	103838	326589752	61.0079
denken	103825	326693577	61.0273
ander	103758	326797335	61.0467
Commissie	103645	326900980	61.066
Antwerpen	103600	327004580	61.0854
11	103482	327108062	61.1047
problemen	103463	327211525	61.1241
titel	102728	327314253	61.1432
zes	102450	327416703	61.1624
maakte	102225	327518928	61.1815
politieke	101921	327620849	61.2005
mannen	101894	327722743	61.2196
thuis	101312	327824055	61.2385
la	101091	327925146	61.2574
30	100953	328026099	61.2762
dood	100834	328126933	61.2951
school	100713	328227646	61.3139
moeilijk	100416	328328062	61.3326
zetten	100051	328428113	61.3513
vrij	99889	328528002	61.37
vorige	99603	328627605	61.3886
|	99233	328726838	61.4071
hoor	98778	328825616	61.4256
`	98699	328924315	61.444
open	98091	329022406	61.4623
elk	97933	329120339	61.4806
wanneer	97159	329217498	61.4988
boek	97127	329314625	61.5169
nieuw	97007	329411632	61.535
slechts	97001	329508633	61.5532
18	96223	329604856	61.5711
welke	96217	329701073	61.5891
stellen	96090	329797163	61.6071
vader	96041	329893204	61.625
dezelfde	95978	329989182	61.6429
kunt	95868	330085050	61.6608
bestaat	95627	330180677	61.6787
aldus	95126	330275803	61.6965
Toch	94860	330370663	61.7142
blijkt	94537	330465200	61.7319
vond	94366	330559566	61.7495
Artikel	94272	330653838	61.7671
DE	93972	330747810	61.7846
nie	93941	330841751	61.8022
boven	93870	330935621	61.8197
water	93554	331029175	61.8372
14	93343	331122518	61.8546
deed	93313	331215831	61.8721
zaak	92689	331308520	61.8894
;)	92608	331401128	61.9067
geworden	92438	331493566	61.924
soort	92407	331585973	61.9412
einde	92398	331678371	61.9585
Jan	92319	331770690	61.9757
moeder	92215	331862905	61.9929
wedstrijd	92045	331954950	62.0101
zoveel	91759	332046709	62.0273
maand	91730	332138439	62.0444
bezig	91649	332230088	62.0615
he	91392	332321480	62.0786
Gent	91300	332412780	62.0957
liggen	91199	332503979	62.1127
meeste	91136	332595115	62.1297
vroeg	90971	332686086	62.1467
dingen	90903	332776989	62.1637
jonge	90884	332867873	62.1807
best	90640	332958513	62.1976
kind	90523	333049036	62.2145
doe	89894	333138930	62.2313
den	89813	333228743	62.2481
ouders	89790	333318533	62.2649
niks	89775	333408308	62.2816
artikel	89727	333498035	62.2984
punten	89572	333587607	62.3151
gezegd	89332	333676939	62.3318
meest	89151	333766090	62.3485
zondag	89149	333855239	62.3651
ploeg	88907	333944146	62.3817
zin	88875	334033021	62.3983
valt	88859	334121880	62.4149
muziek	88780	334210660	62.4315
gebruikt	88766	334299426	62.4481
halen	88713	334388139	62.4647
gemeente	88513	334476652	62.4812
I	88440	334565092	62.4977
zag	88240	334653332	62.5142
Waarom	88001	334741333	62.5306
meter	87663	334828996	62.547
extra	87586	334916582	62.5634
hoop	87384	335003966	62.5797
RT	86947	335090913	62.596
gebruik	86848	335177761	62.6122
Al	86565	335264326	62.6283
film	86354	335350680	62.6445
quote	86083	335436763	62.6606
zat	85978	335522741	62.6766
bedrijven	85885	335608626	62.6927
zodat	85780	335694406	62.7087
morgen	85727	335780133	62.7247
mooi	85495	335865628	62.7407
jou	84717	335950345	62.7565
hoofd	84531	336034876	62.7723
afgelopen	84350	336119226	62.788
markt	84149	336203375	62.8038
13	84103	336287478	62.8195
Franse	84096	336371574	62.8352
16	84083	336455657	62.8509
houdt	84077	336539734	62.8666
niemand	84048	336623782	62.8823
nee	83618	336707400	62.8979
politiek	83326	336790726	62.9135
miljard	82837	336873563	62.929
langs	82817	336956380	62.9444
ervan	82717	337039097	62.9599
neemt	82541	337121638	62.9753
zorgen	82452	337204090	62.9907
Aan	82357	337286447	63.0061
stuk	82166	337368613	63.0214
helft	82078	337450691	63.0368
auto	81838	337532529	63.0521
naast	81826	337614355	63.0673
liet	81764	337696119	63.0826
druk	81669	337777788	63.0979
september	81626	337859414	63.1131
à	81432	337940846	63.1283
D	81109	338021955	63.1435
zeg	80894	338102849	63.1586
Want	80645	338183494	63.1737
gehad	80536	338264030	63.1887
vanuit	80361	338344391	63.2037
eind	80333	338424724	63.2187
voorzitter	80325	338505049	63.2337
Tot	80270	338585319	63.2487
juni	80105	338665424	63.2637
eten	80045	338745469	63.2786
et	79863	338825332	63.2936
familie	79741	338905073	63.3084
zaterdag	79580	338984653	63.3233
17	79557	339064210	63.3382
des	79381	339143591	63.353
handen	79070	339222661	63.3678
Vlaams	78968	339301629	63.3825
sterk	78689	339380318	63.3972
beginnen	78668	339458986	63.4119
sociale	78541	339537527	63.4266
lopen	78395	339615922	63.4412
mei	78164	339694086	63.4558
gelijk	77994	339772080	63.4704
kwamen	77686	339849766	63.4849
idee	77613	339927379	63.4994
kom	77559	340004938	63.5139
konden	77332	340082270	63.5284
verhaal	77254	340159524	63.5428
januari	77121	340236645	63.5572
ogen	77064	340313709	63.5716
lange	76940	340390649	63.586
betalen	76806	340467455	63.6003
leuk	76761	340544216	63.6146
p	76660	340620876	63.629
A	76559	340697435	63.6433
zaken	76287	340773722	63.6575
werkt	76115	340849837	63.6717
rol	75949	340925786	63.6859
langer	75848	341001634	63.7001
U	75646	341077280	63.7142
trouwens	75585	341152865	63.7283
's	75435	341228300	63.7424
2004	75330	341303630	63.7565
kant	75324	341378954	63.7706
Frankrijk	75274	341454228	63.7846
horen	75065	341529293	63.7987
recht	75012	341604305	63.8127
echte	74990	341679295	63.8267
overheid	74806	341754101	63.8407
jongeren	74749	341828850	63.8546
president	74720	341903570	63.8686
oktober	74636	341978206	63.8825
belangrijk	74562	342052768	63.8964
zichzelf	74481	342127249	63.9104
nieuws	73989	342201238	63.9242
wist	73886	342275124	63.938
19	73881	342349005	63.9518
immers	73850	342422855	63.9656
start	73815	342496670	63.9794
waarbij	73708	342570378	63.9931
minuten	73676	342644054	64.0069
lid	73224	342717278	64.0206
les	73156	342790434	64.0342
basis	73121	342863555	64.0479
klein	73113	342936668	64.0616
daarom	72954	343009622	64.0752
zowel	72902	343082524	64.0888
volledig	72818	343155342	64.1024
vol	72788	343228130	64.116
begint	72775	343300905	64.1296
ongeveer	72727	343373632	64.1432
waarvan	72680	343446312	64.1568
waarop	72574	343518886	64.1703
21	72444	343591330	64.1839
22	72159	343663489	64.1973
vele	72083	343735572	64.2108
Duitse	71995	343807567	64.2242
Raad	71917	343879484	64.2377
bepaalde	71885	343951369	64.2511
juli	71759	344023128	64.2645
informatie	71505	344094633	64.2779
beide	71463	344166096	64.2912
>	71447	344237543	64.3046
juist	71398	344308941	64.3179
toekomst	71377	344380318	64.3312
Bovendien	71059	344451377	64.3445
Dus	71053	344522430	64.3578
speelt	70828	344593258	64.371
mens	70591	344663849	64.3842
2005	70590	344734439	64.3974
gaf	70522	344804961	64.4106
inderdaad	70504	344875465	64.4237
wachten	70488	344945953	64.4369
to	70443	345016396	64.4501
zoon	70291	345086687	64.4632
dacht	70261	345156948	64.4763
rest	70242	345227190	64.4894
slecht	70183	345297373	64.5025
bestaan	70126	345367499	64.5156
24	70001	345437500	64.5287
loopt	69949	345507449	64.5418
Geen	69942	345577391	64.5549
huidige	69917	345647308	64.5679
stelt	69902	345717210	64.581
periode	69690	345786900	64.594
ver	69658	345856558	64.607
frank	69433	345925991	64.62
vallen	69355	345995346	64.6329
anderen	69340	346064686	64.6459
reden	69298	346133984	64.6588
verwacht	69258	346203242	64.6718
50	68966	346272208	64.6846
succes	68841	346341049	64.6975
+	68782	346409831	64.7104
precies	68647	346478478	64.7232
and	68642	346547120	64.736
Omdat	68519	346615639	64.7488
100	68473	346684112	64.7616
totaal	68281	346752393	64.7743
club	68257	346820650	64.7871
woord	67988	346888638	64.7998
begon	67966	346956604	64.8125
Brugge	67717	347024321	64.8251
maart	67644	347091965	64.8378
hetzelfde	67332	347159297	64.8504
Waar	67226	347226523	64.8629
december	67203	347293726	64.8755
internationale	67139	347360865	64.888
Daarom	67130	347427995	64.9006
ne	67044	347495039	64.9131
prijs	66934	347561973	64.9256
klaar	66872	347628845	64.9381
23	66855	347695700	64.9506
april	66833	347762533	64.963
vorm	66774	347829307	64.9755
betekent	66697	347896004	64.988
Misschien	66651	347962655	65.0004
z'n	66631	348029286	65.0129
kosten	66592	348095878	65.0253
genomen	66546	348162424	65.0377
licht	66506	348228930	65.0502
weekend	66488	348295418	65.0626
bleef	66398	348361816	65.075
grond	66324	348428140	65.0874
programma	66120	348494260	65.0997
Amsterdam	65970	348560230	65.1121
mooie	65916	348626146	65.1244
Duitsland	65665	348691811	65.1366
daarna	65609	348757420	65.1489
hoog	65466	348822886	65.1611
Nog	65453	348888339	65.1733
aandacht	65327	348953666	65.1856
zoeken	64987	349018653	65.1977
gegeven	64759	349083412	65.2098
terecht	64633	349148045	65.2219
plaatsen	64616	349212661	65.2339
eeuw	64553	349277214	65.246
bleek	64495	349341709	65.258
hoge	64478	349406187	65.2701
oorlog	64259	349470446	65.2821
woorden	64131	349534577	65.2941
gebied	64118	349598695	65.306
financiële	64100	349662795	65.318
uiteindelijk	63966	349726761	65.33
zoek	63945	349790706	65.3419
:D	63897	349854603	65.3539
helpen	63826	349918429	65.3658
volgen	63795	349982224	65.3777
partijen	63743	350045967	65.3896
gebruiken	63676	350109643	65.4015
nummer	63528	350173171	65.4134
ma	63502	350236673	65.4252
acht	63414	350300087	65.4371
Peter	63345	350363432	65.4489
spelers	63273	350426705	65.4607
B	63117	350489822	65.4725
leren	63065	350552887	65.4843
rust	62842	350615729	65.496
burgemeester	62702	350678431	65.5077
punt	62692	350741123	65.5195
plan	62628	350803751	65.5312
meestal	62572	350866323	65.5428
lekker	62441	350928764	65.5545
belangrijke	62431	350991195	65.5662
nam	62319	351053514	65.5778
27	62284	351115798	65.5894
zware	62276	351178074	65.6011
gevonden	62251	351240325	65.6127
Hier	61973	351302298	65.6243
november	61909	351364207	65.6358
nationale	61887	351426094	65.6474
waardoor	61869	351487963	65.659
le	61828	351549791	65.6705
Verenigde	61596	351611387	65.682
rekening	61549	351672936	65.6935
ruim	61406	351734342	65.705
situatie	61406	351795748	65.7165
trekken	61168	351856916	65.7279
sommige	61020	351917936	65.7393
gebeurt	60937	351978873	65.7507
Den	60678	352039551	65.762
half	60593	352100144	65.7733
nr.	60497	352160641	65.7846
hard	60367	352221008	65.7959
proberen	60291	352281299	65.8072
zwaar	60259	352341558	65.8184
kennen	60234	352401792	65.8297
voorbije	60162	352461954	65.8409
26	60077	352522031	65.8521
gekomen	60070	352582101	65.8634
Veel	59878	352641979	65.8745
ene	59846	352701825	65.8857
Twee	59689	352761514	65.8969
vroeger	59647	352821161	65.908
publiek	59570	352880731	65.9191
moesten	59453	352940184	65.9302
God	59374	352999558	65.9413
feit	59066	353058624	65.9524
spreken	58872	353117496	65.9634
Britse	58702	353176198	65.9743
economische	58689	353234887	65.9853
belang	58554	353293441	65.9962
leden	58487	353351928	66.0072
Alleen	58027	353409955	66.018
zeven	57859	353467814	66.0288
--	57858	353525672	66.0396
dochter	57681	353583353	66.0504
verkiezingen	57633	353640986	66.0612
kregen	57601	353698587	66.0719
dienst	57538	353756125	66.0827
kort	57485	353813610	66.0934
komende	57408	353871018	66.1041
Over	57343	353928361	66.1148
gevallen	57310	353985671	66.1255
praten	57210	354042881	66.1362
2000	57184	354100065	66.1469
wa	57148	354157213	66.1576
winnen	57084	354214297	66.1683
gevoel	57056	354271353	66.1789
straat	57011	354328364	66.1896
vertelt	56864	354385228	66.2002
avond	56750	354441978	66.2108
2003	56708	354498686	66.2214
leggen	56654	354555340	66.232
belangrijkste	56646	354611986	66.2425
New	56595	354668581	66.2531
lezen	56549	354725130	66.2637
Ben	56491	354781621	66.2742
denkt	56405	354838026	66.2848
dollar	56352	354894378	66.2953
gingen	56247	354950625	66.3058
gekregen	56211	355006836	66.3163
daarmee	56139	355062975	66.3268
Unie	55950	355118925	66.3372
richting	55801	355174726	66.3477
won	55781	355230507	66.3581
VS	55707	355286214	66.3685
steun	55666	355341880	66.3789
beeld	55663	355397543	66.3893
buurt	55626	355453169	66.3997
volgt	55618	355508787	66.4101
vrienden	55600	355564387	66.4205
mocht	55509	355619896	66.4308
28	55382	355675278	66.4412
augustus	55255	355730533	66.4515
volgend	55234	355785767	66.4618
waarmee	55151	355840918	66.4721
vrijdag	55102	355896020	66.4824
nadat	55061	355951081	66.4927
geloof	55017	356006098	66.503
niveau	54968	356061066	66.5132
begonnen	54930	356115996	66.5235
premier	54865	356170861	66.5337
liep	54804	356225665	66.544
doel	54736	356280401	66.5542
vormen	54736	356335137	66.5644
zet	54662	356389799	66.5746
t	54629	356444428	66.5848
maatregelen	54621	356499049	66.5951
antwoord	54388	356553437	66.6052
40	54310	356607747	66.6154
gij	54242	356661989	66.6255
bijzonder	54105	356716094	66.6356
tegenover	54018	356770112	66.6457
Tijdens	53949	356824061	66.6558
Nederlands	53880	356877941	66.6658
kopen	53871	356931812	66.6759
Europees	53854	356985666	66.686
2001	53819	357039485	66.696
daarvoor	53649	357093134	66.706
Paul	53546	357146680	66.716
gebeuren	53422	357200102	66.726
daarvan	53331	357253433	66.736
gevolg	53252	357306685	66.7459
stemmen	53250	357359935	66.7559
gratis	53160	357413095	66.7658
strijd	53149	357466244	66.7757
das	53130	357519374	66.7857
;-)	53098	357572472	66.7956
gebracht	52988	357625460	66.8055
betrokken	52925	357678385	66.8154
Heb	52809	357731194	66.8252
februari	52756	357783950	66.8351
inwoners	52715	357836665	66.8449
SPAM	52616	357889281	66.8548
liever	52573	357941854	66.8646
2002	52525	357994379	66.8744
verschil	52510	358046889	66.8842
verloren	52465	358099354	66.894
Uit	52412	358151766	66.9038
oud	52318	358204084	66.9136
CD&V	52281	358256365	66.9233
blij	52162	358308527	66.9331
meisje	52132	358360659	66.9428
rijden	52104	358412763	66.9525
nacht	51852	358464615	66.9622
vlak	51847	358516462	66.9719
brengt	51816	358568278	66.9816
vraagt	51781	358620059	66.9913
speelde	51661	358671720	67.0009
Meer	51657	358723377	67.0106
hé	51174	358774551	67.0201
viel	51154	358825705	67.0297
systeem	50927	358876632	67.0392
project	50808	358927440	67.0487
namen	50806	358978246	67.0582
actie	50776	359029022	67.0677
kun	50535	359079557	67.0771
VAN	50529	359130086	67.0865
gehouden	50525	359180611	67.096
betreft	50498	359231109	67.1054
kilometer	50460	359281569	67.1148
finale	50454	359332023	67.1243
Staten	50424	359382447	67.1337
ruimte	50388	359432835	67.1431
erop	50371	359483206	67.1525
VLD	50352	359533558	67.1619
waarschijnlijk	50341	359583899	67.1713
Tom	50265	359634164	67.1807
vierde	50159	359684323	67.1901
wonen	50151	359734474	67.1994
ieder	50131	359784605	67.2088
Onze	50096	359834701	67.2182
lijst	50060	359884761	67.2275
volk	49949	359934710	67.2368
winst	49943	359984653	67.2462
schrijven	49835	360034488	67.2555
heen	49746	360084234	67.2648
kost	49742	360133976	67.2741
Vooral	49590	360183566	67.2833
werknemers	49447	360233013	67.2926
Marc	49439	360282452	67.3018
kent	49329	360331781	67.311
én	49271	360381052	67.3202
trainer	49265	360430317	67.3294
hoger	49247	360479564	67.3386
vrije	49185	360528749	67.3478
krijg	49103	360577852	67.357
bevolking	49063	360626915	67.3661
jongen	48919	360675834	67.3753
directeur	48875	360724709	67.3844
geschiedenis	48676	360773385	67.3935
korte	48672	360822057	67.4026
onderwijs	48610	360870667	67.4117
beleid	48596	360919263	67.4208
straks	48589	360967852	67.4298
top	48573	361016425	67.4389
cijfers	48565	361064990	67.448
deur	48350	361113340	67.457
oog	48305	361161645	67.466
Vandaag	48291	361209936	67.4751
FC	48278	361258214	67.4841
graden	48193	361306407	67.4931
Bart	48172	361354579	67.5021
29	48164	361402743	67.5111
namelijk	48141	361450884	67.5201
daarbij	48136	361499020	67.5291
bank	48115	361547135	67.538
Radio	48107	361595242	67.547
hoogte	48105	361643347	67.556
vriend	48044	361691391	67.565
Sinds	47951	361739342	67.574
wagen	47859	361787201	67.5829
wet	47823	361835024	67.5918
kiezen	47775	361882799	67.6008
genoemd	47616	361930415	67.6096
organisatie	47562	361977977	67.6185
Eén	47301	362025278	67.6274
wegens	47298	362072576	67.6362
vergeten	47276	362119852	67.645
keuze	47246	362167098	67.6539
voetbal	47212	362214310	67.6627
producten	47198	362261508	67.6715
2006	47180	362308688	67.6803
macht	47082	362355770	67.6891
oplossing	47081	362402851	67.6979
vanavond	47067	362449918	67.7067
Net	47040	362496958	67.7155
hart	47039	362543997	67.7243
akkoord	46986	362590983	67.733
economie	46980	362637963	67.7418
hulp	46970	362684933	67.7506
boeken	46846	362731779	67.7593
orde	46821	362778600	67.7681
waarde	46784	362825384	67.7768
koning	46726	362872110	67.7856
Irak	46657	362918767	67.7943
31	46612	362965379	67.803
m	46605	363011984	67.8117
maandag	46567	363058551	67.8204
:-)	46492	363105043	67.8291
Morgen	46489	363151532	67.8378
klanten	46482	363198014	67.8464
blz.	46455	363244469	67.8551
gelukkig	46383	363290852	67.8638
verleden	46265	363337117	67.8724
Leuven	46187	363383304	67.8811
voldoende	46132	363429436	67.8897
jongens	46101	363475537	67.8983
bepaald	46014	363521551	67.9069
La	45956	363567507	67.9155
Alle	45936	363613443	67.924
wou	45925	363659368	67.9326
zomer	45872	363705240	67.9412
nauwelijks	45856	363751096	67.9498
samenwerking	45852	363796948	67.9583
controle	45742	363842690	67.9669
hield	45719	363888409	67.9754
centrum	45711	363934120	67.9839
for	45683	363979803	67.9925
:o	45495	364025298	68.001
Wel	45478	364070776	68.0095
provincie	45463	364116239	68.018
schepen	45421	364161660	68.0264
voorbij	45406	364207066	68.0349
foto	45347	364252413	68.0434
gezet	45283	364297696	68.0519
Wanneer	45272	364342968	68.0603
Frank	45140	364388108	68.0688
alsof	45139	364433247	68.0772
reeks	45091	364478338	68.0856
mening	45042	364523380	68.094
bovendien	45028	364568408	68.1024
krant	44989	364613397	68.1108
ziekenhuis	44895	364658292	68.1192
regio	44744	364703036	68.1276
Anderlecht	44678	364747714	68.1359
Luc	44656	364792370	68.1443
normaal	44651	364837021	68.1526
liefde	44557	364881578	68.1609
wellicht	44557	364926135	68.1693
vertrouwen	44474	364970609	68.1776
vertellen	44433	365015042	68.1859
lokale	44399	365059441	68.1942
on	44385	365103826	68.2024
voorlopig	44331	365148157	68.2107
termijn	44320	365192477	68.219
twintig	44161	365236638	68.2273
sterke	44160	365280798	68.2355
taal	44005	365324803	68.2437
voorstel	43968	365368771	68.2519
km	43797	365412568	68.2601
rechter	43797	365456365	68.2683
groter	43773	365500138	68.2765
resultaat	43645	365543783	68.2846
voorbeeld	43612	365587395	68.2928
resultaten	43598	365630993	68.3009
bezoek	43536	365674529	68.3091
60	43506	365718035	68.3172
Zoals	43486	365761521	68.3253
Club	43419	365804940	68.3334
plannen	43380	365848320	68.3415
kennis	43368	365891688	68.3496
ervaring	43324	365935012	68.3577
wijze	43258	365978270	68.3658
du	43234	366021504	68.3739
ken	43018	366064522	68.3819
David	42940	366107462	68.3899
geboren	42935	366150397	68.398
dicht	42921	366193318	68.406
contact	42886	366236204	68.414
overal	42877	366279081	68.422
gesteld	42868	366321949	68.43
slag	42858	366364807	68.438
s	42846	366407653	68.446
Jij	42687	366450340	68.454
leiden	42565	366492905	68.4619
lag	42482	366535387	68.4699
kerk	42401	366577788	68.4778
gevraagd	42379	366620167	68.4857
ervoor	42356	366662523	68.4936
bestuur	42321	366704844	68.5015
geweld	42315	366747159	68.5094
hey	42230	366789389	68.5173
gewonnen	42199	366831588	68.5252
woning	42177	366873765	68.5331
voeren	42160	366915925	68.541
internet	42152	366958077	68.5488
nogal	42115	367000192	68.5567
noemen	42106	367042298	68.5646
algemeen	42059	367084357	68.5724
geldt	42058	367126415	68.5803
leeftijd	42028	367168443	68.5881
tekst	41868	367210311	68.5959
bed	41841	367252152	68.6038
blijkbaar	41808	367293960	68.6116
ergens	41802	367335762	68.6194
Verordening	41723	367377485	68.6272
k	41565	367419050	68.6349
dieren	41558	367460608	68.6427
Laat	41536	367502144	68.6505
persoon	41528	367543672	68.6582
gezicht	41497	367585169	68.666
fout	41457	367626626	68.6737
kracht	41423	367668049	68.6815
beroep	41406	367709455	68.6892
you	41358	367750813	68.6969
sprake	41316	367792129	68.7046
meerderheid	41286	367833415	68.7123
kop	41263	367874678	68.7201
aandeel	41146	367915824	68.7277
wilt	41126	367956950	68.7354
haalde	41123	367998073	68.7431
media	41041	368039114	68.7508
Tweede	41031	368080145	68.7584
Vanaf	41024	368121169	68.7661
trekt	40945	368162114	68.7737
ronde	40896	368203010	68.7814
lidstaten	40800	368243810	68.789
Frans	40784	368284594	68.7966
heet	40778	368325372	68.8042
crisis	40745	368366117	68.8119
bracht	40730	368406847	68.8195
pakken	40727	368447574	68.8271
tevreden	40718	368488292	68.8347
China	40693	368528985	68.8423
Johan	40692	368569677	68.8499
meisjes	40677	368610354	68.8575
legt	40641	368650995	68.8651
brand	40635	368691630	68.8727
word	40612	368732242	68.8802
nou	40597	368772839	68.8878
kijk	40491	368813330	68.8954
actief	40375	368853705	68.9029
betere	40321	368894026	68.9105
besluit	40271	368934297	68.918
intussen	40209	368974506	68.9255
relatie	40138	369014644	68.933
gegaan	40128	369054772	68.9405
stand	40116	369094888	68.948
stap	40031	369134919	68.9555
aandelen	40024	369174943	68.9629
slechte	39974	369214917	68.9704
schreef	39941	369254858	68.9779
leek	39928	369294786	68.9853
rug	39910	369334696	68.9928
kritiek	39875	369374571	69.0002
verkocht	39840	369414411	69.0077
gebeurd	39824	369454235	69.0151
moeite	39819	369494054	69.0226
ontwikkeling	39812	369533866	69.03
e	39744	369573610	69.0374
gang	39697	369613307	69.0448
Iedereen	39661	369652968	69.0522
bang	39621	369692589	69.0596
delen	39615	369732204	69.067
Grote	39600	369771804	69.0744
Oostende	39570	369811374	69.0818
lucht	39507	369850881	69.0892
beslissing	39473	369890354	69.0966
woensdag	39467	369929821	69.104
jouw	39453	369969274	69.1113
momenteel	39429	370008703	69.1187
omgeving	39420	370048123	69.1261
Goed	39418	370087541	69.1334
liefst	39415	370126956	69.1408
Israël	39351	370166307	69.1481
gevolgen	39340	370205647	69.1555
bieden	39336	370244983	69.1628
geheel	39309	370284292	69.1702
vervangen	39296	370323588	69.1775
leerlingen	39215	370362803	69.1848
John	39205	370402008	69.1922
bezoekers	39181	370441189	69.1995
Parlement	39143	370480332	69.2068
Parijs	39065	370519397	69.2141
zon	39046	370558443	69.2214
voorkomen	39045	370597488	69.2287
direct	39008	370636496	69.236
lichaam	39002	370675498	69.2433
opdracht	38913	370714411	69.2505
idd	38881	370753292	69.2578
personen	38801	370792093	69.265
35	38796	370830889	69.2723
leger	38793	370869682	69.2795
jongste	38735	370908417	69.2868
Onder	38644	370947061	69.294
!!	38561	370985622	69.3012
halve	38484	371024106	69.3084
gegevens	38333	371062439	69.3155
2007	38328	371100767	69.3227
stelde	38324	371139091	69.3299
overigens	38316	371177407	69.337
foto's	38203	371215610	69.3441
zwarte	38130	371253740	69.3513
leider	38057	371291797	69.3584
goe	38041	371329838	69.3655
geschreven	38035	371367873	69.3726
x	38033	371405906	69.3797
last	38002	371443908	69.3868
klinkt	37977	371481885	69.3939
Zelfs	37968	371519853	69.401
team	37950	371557803	69.4081
eindelijk	37949	371595752	69.4152
hoeft	37927	371633679	69.4222
tafel	37878	371671557	69.4293
gebouw	37858	371709415	69.4364
juiste	37828	371747243	69.4435
hoort	37755	371784998	69.4505
name	37657	371822655	69.4575
inmiddels	37646	371860301	69.4646
voelen	37596	371897897	69.4716
raakte	37552	371935449	69.4786
Voorzitter	37525	371972974	69.4856
Brusselse	37418	372010392	69.4926
haha	37416	372047808	69.4996
buitenlandse	37409	372085217	69.5066
uiteraard	37390	372122607	69.5136
L	37378	372159985	69.5206
slachtoffer	37359	372197344	69.5275
groei	37357	372234701	69.5345
lief	37352	372272053	69.5415
dergelijke	37324	372309377	69.5485
voorstellen	37227	372346604	69.5554
80	37225	372383829	69.5624
verkopen	37210	372421039	69.5693
telkens	37209	372458248	69.5763
Gemeenschap	37200	372495448	69.5832
II	37140	372532588	69.5902
donderdag	37101	372569689	69.5971
regels	37076	372606765	69.604
indruk	37054	372643819	69.6109
kwaliteit	36995	372680814	69.6179
zee	36972	372717786	69.6248
gewone	36956	372754742	69.6317
stem	36919	372791661	69.6386
website	36893	372828554	69.6455
bedoeling	36850	372865404	69.6523
personeel	36776	372902180	69.6592
Kom	36722	372938902	69.6661
spel	36700	372975602	69.6729
Alles	36693	373012295	69.6798
voorzien	36644	373048939	69.6866
doden	36642	373085581	69.6935
aanwezig	36632	373122213	69.7003
Zaken	36624	373158837	69.7071
Patrick	36615	373195452	69.714
prijzen	36609	373232061	69.7208
kaart	36487	373268548	69.7276
biedt	36486	373305034	69.7345
discussie	36449	373341483	69.7413
minstens	36443	373377926	69.7481
geloven	36404	373414330	69.7549
gespeeld	36360	373450690	69.7617
Mechelen	36328	373487018	69.7685
rode	36269	373523287	69.7752
Daarna	36253	373559540	69.782
neer	36203	373595743	69.7888
contract	36115	373631858	69.7955
gesprek	36090	373667948	69.8023
gesloten	36075	373704023	69.809
spreekt	36040	373740063	69.8157
verkoop	36032	373776095	69.8225
bouwen	36020	373812115	69.8292
verband	36020	373848135	69.8359
70	35987	373884122	69.8426
sector	35983	373920105	69.8494
wedstrijden	35934	373956039	69.8561
alvast	35864	373991903	69.8628
kader	35859	374027762	69.8695
Italiaanse	35758	374063520	69.8761
stoppen	35744	374099264	69.8828
invloed	35715	374134979	69.8895
Italië	35605	374170584	69.8961
slachtoffers	35602	374206186	69.9028
beslist	35532	374241718	69.9094
York	35521	374277239	69.9161
veranderen	35480	374312719	69.9227
hoogste	35473	374348192	69.9293
kunst	35440	374383632	69.9359
Hoewel	35431	374419063	69.9426
rechtbank	35426	374454489	69.9492
opgenomen	35414	374489903	69.9558
Amerika	35402	374525305	69.9624
lijn	35402	374560707	69.969
Antwerpse	35379	374596086	69.9756
scholen	35335	374631421	69.9822
slapen	35327	374666748	69.9888
telt	35309	374702057	69.9954
negen	35302	374737359	70.002
activiteiten	35297	374772656	70.0086
middelen	35240	374807896	70.0152
bekende	35225	374843121	70.0218
proces	35225	374878346	70.0284
dinsdag	35173	374913519	70.0349
Foto	35156	374948675	70.0415
zette	35096	374983771	70.0481
mogelijke	35056	375018827	70.0546
advies	35046	375053873	70.0611
gehoord	34996	375088869	70.0677
duur	34995	375123864	70.0742
Spanje	34989	375158853	70.0808
bal	34987	375193840	70.0873
verslag	34983	375228823	70.0938
gebeurde	34982	375263805	70.1004
kansen	34967	375298772	70.1069
cultuur	34939	375333711	70.1134
stonden	34933	375368644	70.1199
PB	34816	375403460	70.1265
dragen	34768	375438228	70.1329
leiding	34710	375472938	70.1394
goeie	34699	375507637	70.1459
Men	34666	375542303	70.1524
optreden	34653	375576956	70.1589
parlement	34635	375611591	70.1653
wilden	34568	375646159	70.1718
debat	34498	375680657	70.1782
raad	34498	375715155	70.1847
kwijt	34482	375749637	70.1911
Dirk	34463	375784100	70.1976
productie	34413	375818513	70.204
geef	34390	375852903	70.2104
mis	34387	375887290	70.2168
omzet	34358	375921648	70.2232
voel	34354	375956002	70.2297
feiten	34165	375990167	70.236
politici	34147	376024314	70.2424
Haar	34142	376058456	70.2488
dak	34112	376092568	70.2552
00	34096	376126664	70.2615
iedere	34070	376160734	70.2679
gevaar	34061	376194795	70.2743
enorm	34054	376228849	70.2806
ontstaan	34037	376262886	70.287
site	34013	376296899	70.2933
reactie	34003	376330902	70.2997
beperkt	33995	376364897	70.306
links	33995	376398892	70.3124
verliezen	33939	376432831	70.3187
loop	33911	376466742	70.3251
veld	33910	376500652	70.3314
Kijk	33905	376534557	70.3377
midden	33842	376568399	70.3441
keren	33838	376602237	70.3504
Verder	33816	376636053	70.3567
kamer	33754	376669807	70.363
trok	33752	376703559	70.3693
twaalf	33751	376737310	70.3756
band	33709	376771019	70.3819
Le	33686	376804705	70.3882
voelt	33665	376838370	70.3945
gezin	33660	376872030	70.4008
Pas	33610	376905640	70.4071
verkeer	33547	376939187	70.4133
m'n	33539	376972726	70.4196
vriendin	33509	377006235	70.4259
vakantie	33506	377039741	70.4321
pijn	33480	377073221	70.4384
kabinet	33441	377106662	70.4446
match	33441	377140103	70.4509
Genk	33416	377173519	70.4571
se	33410	377206929	70.4633
broer	33389	377240318	70.4696
inzake	33377	377273695	70.4758
vervolgens	33341	377307036	70.482
schade	33339	377340375	70.4883
brief	33334	377373709	70.4945
rustig	33297	377407006	70.5007
wacht	33185	377440191	70.5069
buitenland	33143	377473334	70.5131
verlies	33104	377506438	70.5193
collega's	33099	377539537	70.5255
moord	33091	377572628	70.5317
Kan	33090	377605718	70.5378
federale	33086	377638804	70.544
Rusland	33055	377671859	70.5502
verlaten	33027	377704886	70.5564
dertig	32988	377737874	70.5625
Peeters	32883	377770757	70.5687
zoiets	32852	377803609	70.5748
90	32850	377836459	70.5809
200	32828	377869287	70.5871
erin	32828	377902115	70.5932
maak	32827	377934942	70.5993
daardoor	32784	377967726	70.6055
speciale	32783	378000509	70.6116
Tegen	32781	378033290	70.6177
hangt	32778	378066068	70.6238
Natuurlijk	32736	378098804	70.6299
vuur	32726	378131530	70.6361
hoofdstad	32700	378164230	70.6422
1999	32656	378196886	70.6483
samenleving	32656	378229542	70.6544
plek	32634	378262176	70.6605
Ga	32614	378294790	70.6666
kwestie	32554	378327344	70.6726
gekozen	32549	378359893	70.6787
Heel	32529	378392422	70.6848
Elke	32519	378424941	70.6909
los	32469	378457410	70.6969
hou	32453	378489863	70.703
gemeenten	32439	378522302	70.7091
fr.	32396	378554698	70.7151
werkte	32381	378587079	70.7212
schrijft	32315	378619394	70.7272
bedrag	32264	378651658	70.7332
amper	32210	378683868	70.7392
vaste	32146	378716014	70.7452
Kamer	32084	378748098	70.7512
dient	32080	378780178	70.7572
haalt	32080	378812258	70.7632
ok	32078	378844336	70.7692
witte	32072	378876408	70.7752
Wim	32065	378908473	70.7812
enorme	32043	378940516	70.7872
beelden	32007	378972523	70.7932
stil	31964	379004487	70.7991
jong	31956	379036443	70.8051
Spaanse	31952	379068395	70.8111
bewoners	31879	379100274	70.817
Drie	31869	379132143	70.823
stappen	31860	379164003	70.8289
n	31830	379195833	70.8349
sluiten	31797	379227630	70.8408
onmiddellijk	31790	379259420	70.8468
baan	31758	379291178	70.8527
klasse	31707	379322885	70.8586
ondanks	31668	379354553	70.8645
Daarnaast	31652	379386205	70.8704
Belgen	31613	379417818	70.8763
noemt	31560	379449378	70.8822
makkelijk	31558	379480936	70.8881
honderd	31536	379512472	70.894
positie	31523	379543995	70.8999
ie	31489	379575484	70.9058
Terwijl	31481	379606965	70.9117
eisen	31449	379638414	70.9176
volle	31409	379669823	70.9234
toepassing	31392	379701215	70.9293
allerlei	31347	379732562	70.9351
Oh	31329	379763891	70.941
Londen	31326	379795217	70.9468
veiligheid	31324	379826541	70.9527
C	31319	379857860	70.9585
tonen	31307	379889167	70.9644
Bush	31302	379920469	70.9702
koers	31293	379951762	70.9761
Naar	31275	379983037	70.9819
dank	31271	380014308	70.9878
Rotterdam	31257	380045565	70.9936
1996	31242	380076807	70.9994
diverse	31187	380107994	71.0053
hoeveel	31172	380139166	71.0111
un	31059	380170225	71.0169
functie	31035	380201260	71.0227
drinken	31033	380232293	71.0285
geluk	31019	380263312	71.0343
zege	31006	380294318	71.0401
wakker	30958	380325276	71.0459
hopen	30917	380356193	71.0516
zorgt	30906	380387099	71.0574
persoonlijke	30900	380417999	71.0632
steden	30888	380448887	71.069
gewerkt	30866	380479753	71.0747
verloor	30863	380510616	71.0805
gebrek	30813	380541429	71.0862
lijken	30805	380572234	71.092
mogelijkheden	30751	380602985	71.0977
burgers	30701	380633686	71.1035
Info	30662	380664348	71.1092
cel	30661	380695009	71.1149
dans	30649	380725658	71.1207
ontvangen	30611	380756269	71.1264
Hans	30520	380786789	71.1321
bereiken	30485	380817274	71.1378
ondertussen	30455	380847729	71.1435
vanwege	30448	380878177	71.1491
eenmaal	30427	380908604	71.1548
sneller	30425	380939029	71.1605
positief	30405	380969434	71.1662
geraakt	30394	380999828	71.1719
sport	30383	381030211	71.1775
merk	30300	381060511	71.1832
EU	30268	381090779	71.1889
afstand	30225	381121004	71.1945
onlangs	30208	381151212	71.2001
regen	30197	381181409	71.2058
\	30169	381211578	71.2114
kijkt	30149	381241727	71.2171
betaald	30141	381271868	71.2227
initiatief	30130	381301998	71.2283
energie	30114	381332112	71.2339
woont	30075	381362187	71.2396
dankzij	30015	381392202	71.2452
plus	30014	381422216	71.2508
erbij	30008	381452224	71.2564
openbare	29948	381482172	71.262
voormalige	29925	381512097	71.2676
Kortrijk	29871	381541968	71.2731
WK	29852	381571820	71.2787
bestaande	29849	381601669	71.2843
gemiddelde	29845	381631514	71.2899
Ten	29838	381661352	71.2954
jeugd	29831	381691183	71.301
mezelf	29829	381721012	71.3066
Vorig	29813	381750825	71.3122
1995	29794	381780619	71.3177
bus	29791	381810410	71.3233
hangen	29740	381840150	71.3288
veroordeeld	29728	381869878	71.3344
aarde	29686	381899564	71.3399
leidt	29658	381929222	71.3455
vastgesteld	29621	381958843	71.351
carrière	29613	381988456	71.3565
Standard	29579	382018035	71.3621
Amerikanen	29558	382047593	71.3676
gesproken	29546	382077139	71.3731
leuke	29515	382106654	71.3786
Gelukkig	29454	382136108	71.3841
rij	29445	382165553	71.3896
Haag	29441	382194994	71.3951
winkel	29430	382224424	71.4006
verwachten	29427	382253851	71.4061
vrijheid	29419	382283270	71.4116
grens	29399	382312669	71.4171
banken	29394	382342063	71.4226
bewijzen	29354	382371417	71.4281
sfeer	29303	382400720	71.4336
Leterme	29284	382430004	71.439
diensten	29256	382459260	71.4445
terrein	29247	382488507	71.45
openbaar	29240	382517747	71.4554
bedoeld	29238	382546985	71.4609
probeert	29223	382576208	71.4663
Bank	29212	382605420	71.4718
wint	29196	382634616	71.4773
Hun	29186	382663802	71.4827
plezier	29117	382692919	71.4881
studenten	29110	382722029	71.4936
voelde	29078	382751107	71.499
genieten	29069	382780176	71.5044
reed	29042	382809218	71.5099
omstandigheden	29035	382838253	71.5153
grotere	29025	382867278	71.5207
trein	28998	382896276	71.5261
tegenwoordig	28979	382925255	71.5315
ministerie	28968	382954223	71.537
regelmatig	28956	382983179	71.5424
mogelijkheid	28907	383012086	71.5478
beurs	28841	383040927	71.5532
dorp	28824	383069751	71.5585
Russische	28800	383098551	71.5639
respect	28797	383127348	71.5693
auto's	28746	383156094	71.5747
Soms	28718	383184812	71.58
rekenen	28584	383213396	71.5854
bereid	28556	383241952	71.5907
eveneens	28539	383270491	71.596
café	28518	383299009	71.6014
maatschappij	28512	383327521	71.6067
v	28509	383356030	71.612
mond	28499	383384529	71.6173
groepen	28420	383412949	71.6226
Weet	28414	383441363	71.628
Geert	28406	383469769	71.6333
Naast	28350	383498119	71.6386
Eerst	28288	383526407	71.6438
Minister	28284	383554691	71.6491
absoluut	28263	383582954	71.6544
zomaar	28261	383611215	71.6597
officiële	28247	383639462	71.665
gek	28245	383667707	71.6702
'm	28221	383695928	71.6755
reeds	28188	383724116	71.6808
dienen	28174	383752290	71.686
sturen	28173	383780463	71.6913
volledige	28171	383808634	71.6966
verantwoordelijk	28135	383836769	71.7018
risico	28105	383864874	71.7071
alweer	28086	383892960	71.7123
voordeel	28055	383921015	71.7176
wind	28037	383949052	71.7228
moderne	27969	383977021	71.728
Nieuwe	27956	384004977	71.7332
steken	27947	384032924	71.7385
deden	27929	384060853	71.7437
Mensen	27920	384088773	71.7489
it	27908	384116681	71.7541
bereikt	27872	384144553	71.7593
Welke	27861	384172414	71.7645
redenen	27805	384200219	71.7697
perfect	27801	384228020	71.7749
Was	27767	384255787	71.7801
algemene	27747	384283534	71.7853
Overwegende	27716	384311250	71.7905
voet	27682	384338932	71.7956
televisie	27663	384366595	71.8008
droog	27659	384394254	71.806
ding	27655	384421909	71.8111
militaire	27653	384449562	71.8163
val	27633	384477195	71.8215
vonden	27583	384504778	71.8266
brandweer	27578	384532356	71.8318
binnenkort	27545	384559901	71.8369
tv	27507	384587408	71.842
gericht	27491	384614899	71.8472
schuld	27485	384642384	71.8523
product	27469	384669853	71.8574
kwaad	27448	384697301	71.8626
zaten	27420	384724721	71.8677
gemakkelijk	27417	384752138	71.8728
voorsprong	27392	384779530	71.8779
vaker	27379	384806909	71.883
slaan	27330	384834239	71.8881
opleiding	27328	384861567	71.8933
hoewel	27263	384888830	71.8983
bestuurder	27254	384916084	71.9034
Dank	27251	384943335	71.9085
Roeselare	27238	384970573	71.9136
behalve	27199	384997772	71.9187
vijfde	27192	385024964	71.9238
tis	27160	385052124	71.9288
zoekt	27157	385079281	71.9339
overwinning	27108	385106389	71.939
welk	27069	385133458	71.944
waard	27036	385160494	71.9491
technische	27028	385187522	71.9541
plots	27026	385214548	71.9592
totale	27008	385241556	71.9642
zorg	26959	385268515	71.9693
zowat	26953	385295468	71.9743
1998	26921	385322389	71.9793
Turkije	26908	385349297	71.9844
Vlamingen	26886	385376183	71.9894
neem	26858	385403041	71.9944
eraan	26850	385429891	71.9994
centrale	26835	385456726	72.0044
Zie	26832	385483558	72.0094
Michael	26826	385510384	72.0145
rechten	26821	385537205	72.0195
verplicht	26806	385564011	72.0245
uren	26796	385590807	72.0295
aanleiding	26795	385617602	72.0345
klopt	26766	385644368	72.0395
Zeker	26751	385671119	72.0445
verhalen	26749	385697868	72.0495
o	26729	385724597	72.0545
rapport	26717	385751314	72.0595
werking	26717	385778031	72.0645
indien	26698	385804729	72.0694
nodige	26683	385831412	72.0744
Michel	26671	385858083	72.0794
films	26605	385884688	72.0844
warm	26587	385911275	72.0893
studie	26585	385937860	72.0943
gehaald	26550	385964410	72.0993
vijftien	26518	385990928	72.1042
maakten	26462	386017390	72.1092
daarop	26441	386043831	72.1141
reis	26432	386070263	72.119
bedraagt	26424	386096687	72.124
gedacht	26421	386123108	72.1289
verantwoordelijkheid	26404	386149512	72.1338
32	26397	386175909	72.1388
voorwaarden	26396	386202305	72.1437
eh	26367	386228672	72.1486
45	26359	386255031	72.1536
Rode	26358	386281389	72.1585
versie	26356	386307745	72.1634
2008	26328	386334073	72.1683
diep	26307	386360380	72.1732
leveren	26302	386386682	72.1781
Niemand	26251	386412933	72.1831
'n	26240	386439173	72.188
uitgevoerd	26236	386465409	72.1929
klassieke	26192	386491601	72.1977
hè	26188	386517789	72.2026
overleg	26173	386543962	72.2075
daarin	26157	386570119	72.2124
vijftig	26112	386596231	72.2173
sprak	26087	386622318	72.2222
waarvoor	26068	386648386	72.227
Zondag	26025	386674411	72.2319
Thomas	26020	386700431	72.2368
heer	26011	386726442	72.2416
dossier	25996	386752438	72.2465
keek	25973	386778411	72.2513
eerlijk	25892	386804303	72.2562
gemiddeld	25892	386830195	72.261
jammer	25861	386856056	72.2658
Doelpunten	25850	386881906	72.2707
Ah	25829	386907735	72.2755
sociaal	25817	386933552	72.2803
advocaat	25813	386959365	72.2851
noch	25804	386985169	72.2899
zagen	25795	387010964	72.2948
begrijpen	25781	387036745	72.2996
boodschap	25767	387062512	72.3044
Nederlanders	25758	387088270	72.3092
fiets	25749	387114019	72.314
bedoel	25728	387139747	72.3188
persoonlijk	25727	387165474	72.3236
serieus	25713	387191187	72.3284
xxx	25702	387216889	72.3332
ermee	25695	387242584	72.338
geregeld	25672	387268256	72.3428
betreffende	25662	387293918	72.3476
BRUSSEL	25659	387319577	72.3524
gestolen	25651	387345228	72.3572
dagelijks	25639	387370867	72.362
geplaatst	25636	387396503	72.3668
tijden	25633	387422136	72.3716
lachen	25628	387447764	72.3764
eigenaar	25626	387473390	72.3811
bloed	25614	387499004	72.3859
rechts	25519	387524523	72.3907
Open	25508	387550031	72.3955
pour	25501	387575532	72.4002
at	25482	387601014	72.405
tuin	25476	387626490	72.4097
hogere	25466	387651956	72.4145
radio	25443	387677399	72.4193
opgepakt	25423	387702822	72.424
Sommige	25384	387728206	72.4287
waaronder	25372	387753578	72.4335
blijf	25341	387778919	72.4382
Samen	25339	387804258	72.443
hoorde	25269	387829527	72.4477
beweging	25262	387854789	72.4524
Engeland	25238	387880027	72.4571
laag	25236	387905263	72.4618
bewust	25224	387930487	72.4665
zaal	25210	387955697	72.4712
Eerste	25184	387980881	72.4759
Pieter	25157	388006038	72.4806
Charleroi	25156	388031194	72.4853
33	25153	388056347	72.49
uitspraak	25151	388081498	72.4947
vakbonden	25149	388106647	72.4994
verkeerd	25143	388131790	72.5041
tegelijk	25127	388156917	72.5088
Zonder	25125	388182042	72.5135
pak	25117	388207159	72.5182
officieel	25100	388232259	72.5229
speler	25099	388257358	72.5276
ziek	25097	388282455	72.5323
wegen	25083	388307538	72.537
SP.A	25060	388332598	72.5417
verboden	25050	388357648	72.5463
dikke	24985	388382633	72.551
Hasselt	24971	388407604	72.5557
probeerde	24963	388432567	72.5603
kampioen	24953	388457520	72.565
wijn	24931	388482451	72.5696
EG	24928	388507379	72.5743
500	24925	388532304	72.579
jezelf	24916	388557220	72.5836
hoopt	24876	388582096	72.5883
bekijken	24845	388606941	72.5929
positieve	24824	388631765	72.5975
overtuigd	24817	388656582	72.6022
verdwenen	24812	388681394	72.6068
overleden	24799	388706193	72.6114
natuur	24792	388730985	72.6161
Albert	24779	388755764	72.6207
ware	24774	388780538	72.6253
praktijk	24772	388805310	72.63
gevolgd	24771	388830081	72.6346
que	24725	388854806	72.6392
75	24688	388879494	72.6438
tijdje	24675	388904169	72.6484
passen	24673	388928842	72.653
commissie	24666	388953508	72.6576
draait	24643	388978151	72.6622
gevangenis	24643	389002794	72.6668
middag	24635	389027429	72.6714
karakter	24626	389052055	72.676
koop	24622	389076677	72.6806
Even	24614	389101291	72.6852
ouder	24605	389125896	72.6898
publieke	24605	389150501	72.6944
parket	24598	389175099	72.699
harde	24588	389199687	72.7036
sta	24518	389224205	72.7082
hond	24506	389248711	72.7128
kleur	24484	389273195	72.7174
stukken	24463	389297658	72.7219
onmogelijk	24416	389322074	72.7265
aanpak	24398	389346472	72.731
handel	24392	389370864	72.7356
une	24389	389395253	72.7402
verordening	24388	389419641	72.7447
1994	24366	389444007	72.7493
competitie	24340	389468347	72.7538
waarheid	24316	389492663	72.7584
Belang	24307	389516970	72.7629
zogenaamde	24303	389541273	72.7674
Enkele	24302	389565575	72.772
campagne	24302	389589877	72.7765
koffie	24298	389614175	72.7811
reageren	24264	389638439	72.7856
as	24252	389662691	72.7901
welkom	24251	389686942	72.7946
gedrag	24243	389711185	72.7992
b	24236	389735421	72.8037
bijlage	24236	389759657	72.8082
collega	24228	389783885	72.8128
job	24228	389808113	72.8173
lager	24218	389832331	72.8218
speciaal	24203	389856534	72.8263
Nou	24202	389880736	72.8308
baas	24187	389904923	72.8354
zuiden	24148	389929071	72.8399
angst	24123	389953194	72.8444
merken	24102	389977296	72.8489
gewond	24056	390001352	72.8534
Ondanks	24040	390025392	72.8579
huizen	24038	390049430	72.8624
boete	24033	390073463	72.8668
verklaring	24024	390097487	72.8713
beneden	24017	390121504	72.8758
gebouwd	24001	390145505	72.8803
degelijk	23989	390169494	72.8848
veranderd	23959	390193453	72.8893
ff	23955	390217408	72.8937
Daarmee	23949	390241357	72.8982
toont	23946	390265303	72.9027
woningen	23936	390289239	72.9072
klant	23910	390313149	72.9116
verdwijnen	23898	390337047	72.9161
moslims	23883	390360930	72.9205
raken	23861	390384791	72.925
draaien	23842	390408633	72.9295
Guy	23833	390432466	72.9339
onderzoeken	23815	390456281	72.9384
leeft	23797	390480078	72.9428
Zeg	23774	390503852	72.9472
effect	23751	390527603	72.9517
gelezen	23738	390551341	72.9561
Koen	23729	390575070	72.9606
verdienen	23723	390598793	72.965
huwelijk	23722	390622515	72.9694
!!!	23714	390646229	72.9738
Belgisch	23708	390669937	72.9783
Chinese	23669	390693606	72.9827
keuken	23659	390717265	72.9871
Tour	23637	390740902	72.9915
flink	23626	390764528	72.9959
levert	23625	390788153	73.0004
zekerheid	23617	390811770	73.0048
zwart	23595	390835365	73.0092
Gentse	23593	390858958	73.0136
onderwerp	23573	390882531	73.018
Bert	23572	390906103	73.0224
veilig	23570	390929673	73.0268
Gisteren	23566	390953239	73.0312
:(	23560	390976799	73.0356
past	23533	391000332	73.04
toegang	23527	391023859	73.0444
starten	23519	391047378	73.0488
gewijzigd	23502	391070880	73.0532
afgesloten	23500	391094380	73.0576
besloten	23486	391117866	73.0619
gemeenschap	23481	391141347	73.0663
Brussels	23469	391164816	73.0707
Zaterdag	23436	391188252	73.0751
rechtstreeks	23434	391211686	73.0795
bezit	23423	391235109	73.0838
wijzen	23418	391258527	73.0882
principe	23415	391281942	73.0926
bouw	23377	391305319	73.097
ongeval	23353	391328672	73.1013
nergens	23338	391352010	73.1057
Robert	23311	391375321	73.11
Daardoor	23296	391398617	73.1144
Ronde	23281	391421898	73.1187
luisteren	23278	391445176	73.1231
ziekte	23265	391468441	73.1274
groene	23246	391491687	73.1318
schrijver	23241	391514928	73.1361
poging	23238	391538166	73.1405
daders	23237	391561403	73.1448
voordat	23220	391584623	73.1491
soorten	23213	391607836	73.1535
directie	23212	391631048	73.1578
materiaal	23186	391654234	73.1621
Karel	23177	391677411	73.1665
beurt	23167	391700578	73.1708
Utrecht	23152	391723730	73.1751
station	23150	391746880	73.1794
voeten	23149	391770029	73.1838
partner	23099	391793128	73.1881
beschikking	23078	391816206	73.1924
deelnemers	23077	391839283	73.1967
Wallonië	23062	391862345	73.201
vergelijking	23059	391885404	73.2053
Richtlijn	23024	391908428	73.2096
noodzakelijk	23018	391931446	73.2139
qui	23006	391954452	73.2182
aanbod	22997	391977449	73.2225
volgde	22995	392000444	73.2268
SK	22979	392023423	73.2311
es	22979	392046402	73.2354
Steven	22956	392069358	73.2397
taak	22951	392092309	73.244
ontslag	22934	392115243	73.2483
Herman	22922	392138165	73.2525
zolang	22867	392161032	73.2568
lichte	22835	392183867	73.2611
bureau	22817	392206684	73.2653
Turkse	22803	392229487	73.2696
organiseren	22785	392252272	73.2739
kust	22780	392275052	73.2781
afdeling	22777	392297829	73.2824
concurrentie	22770	392320599	73.2866
bedoelde	22750	392343349	73.2909
onderhandelingen	22737	392366086	73.2951
allen	22732	392388818	73.2994
begrip	22712	392411530	73.3036
feest	22706	392434236	73.3078
ogenblik	22700	392456936	73.3121
vertelde	22691	392479627	73.3163
zulke	22665	392502292	73.3206
stijl	22659	392524951	73.3248
Piet	22619	392547570	73.329
vlees	22615	392570185	73.3332
gebieden	22611	392592796	73.3375
vertrekken	22609	392615405	73.3417
jaarlijks	22602	392638007	73.3459
democratie	22598	392660605	73.3501
vlucht	22596	392683201	73.3544
coach	22591	392705792	73.3586
Japan	22589	392728381	73.3628
mate	22579	392750960	73.367
wijst	22561	392773521	73.3712
medewerkers	22523	392796044	73.3754
elf	22503	392818547	73.3796
Engels	22501	392841048	73.3838
Zo'n	22457	392863505	73.388
Engelse	22456	392885961	73.3922
prima	22434	392908395	73.3964
vroegere	22385	392930780	73.4006
straf	22380	392953160	73.4048
Heeft	22378	392975538	73.409
zover	22378	392997916	73.4131
verschillen	22374	393020290	73.4173
combinatie	22368	393042658	73.4215
lacht	22363	393065021	73.4257
moeilijke	22351	393087372	73.4299
smaak	22349	393109721	73.434
eruit	22321	393132042	73.4382
internationaal	22320	393154362	73.4424
stel	22318	393176680	73.4465
legde	22317	393198997	73.4507
neus	22317	393221314	73.4549
meerdere	22308	393243622	73.459
mevrouw	22306	393265928	73.4632
Kevin	22298	393288226	73.4674
Verdrag	22289	393310515	73.4715
Kim	22288	393332803	73.4757
K	22276	393355079	73.4799
kende	22266	393377345	73.484
richtlijn	22248	393399593	73.4882
tentoonstelling	22222	393421815	73.4923
info	22206	393444021	73.4965
betrekking	22200	393466221	73.5006
Moet	22198	393488419	73.5048
Anders	22167	393510586	73.5089
eiland	22149	393532735	73.5131
Zou	22140	393554875	73.5172
model	22126	393577001	73.5213
wél	22092	393599093	73.5254
historische	22088	393621181	73.5296
bellen	22085	393643266	73.5337
Waregem	22081	393665347	73.5378
bijzondere	22072	393687419	73.5419
reacties	22068	393709487	73.5461
gelegen	22058	393731545	73.5502
i	22040	393753585	73.5543
1997	22012	393775597	73.5584
noorden	22011	393797608	73.5625
helpt	22002	393819610	73.5666
kandidaten	21961	393841571	73.5707
helaas	21960	393863531	73.5748
hoi	21957	393885488	73.5789
kaarten	21953	393907441	73.583
opgericht	21931	393929372	73.5871
Dag	21909	393951281	73.5912
duizenden	21904	393973185	73.5953
voort	21900	393995085	73.5994
hoek	21896	394016981	73.6035
fijn	21884	394038865	73.6076
tientallen	21881	394060746	73.6117
rood	21856	394082602	73.6158
34	21853	394104455	73.6199
behandeling	21846	394126301	73.6239
duren	21845	394148146	73.628
duurt	21845	394169991	73.6321
duizend	21840	394191831	73.6362
zen	21837	394213668	73.6403
Limburg	21819	394235487	73.6443
restaurant	21802	394257289	73.6484
gebouwen	21769	394279058	73.6525
min	21741	394300799	73.6565
inhoud	21723	394322522	73.6606
soldaten	21670	394344192	73.6646
dokter	21660	394365852	73.6687
vormt	21645	394387497	73.6727
Doe	21640	394409137	73.6768
rijk	21628	394430765	73.6808
vóór	21617	394452382	73.6848
honderden	21595	394473977	73.6889
traditionele	21592	394495569	73.6929
est	21589	394517158	73.6969
missen	21568	394538726	73.701
nochtans	21568	394560294	73.705
gemeenteraad	21561	394581855	73.709
lees	21530	394603385	73.7131
Daarbij	21523	394624908	73.7171
verkeerde	21500	394646408	73.7211
uitgebreid	21476	394667884	73.7251
verbonden	21451	394689335	73.7291
groen	21442	394710777	73.7331
verjaardag	21435	394732212	73.7371
daarover	21433	394753645	73.7411
begrijp	21428	394775073	73.7451
hotel	21418	394796491	73.7491
computer	21402	394817893	73.7531
betaalt	21397	394839290	73.7571
Aalst	21392	394860682	73.7611
Uiteindelijk	21375	394882057	73.7651
provinciale	21374	394903431	73.7691
projecten	21367	394924798	73.7731
gisteravond	21341	394946139	73.7771
interessant	21341	394967480	73.7811
zorgde	21339	394988819	73.7851
banen	21336	395010155	73.789
reageert	21336	395031491	73.793
Eigenlijk	21317	395052808	73.797
woordvoerder	21305	395074113	73.801
beschikbaar	21299	395095412	73.805
bescherming	21292	395116704	73.8089
spijt	21284	395137988	73.8129
werkelijkheid	21253	395159241	73.8169
recente	21252	395180493	73.8209
gelegenheid	21250	395201743	73.8248
BEF	21242	395222985	73.8288
gekocht	21229	395244214	73.8328
voortdurend	21200	395265414	73.8367
middel	21189	395286603	73.8407
lukt	21167	395307770	73.8446
Fortis	21101	395328871	73.8486
gerust	21070	395349941	73.8525
generatie	21063	395371004	73.8564
36	21061	395392065	73.8604
spoor	21061	395413126	73.8643
bewijs	21056	395434182	73.8682
300	21053	395455235	73.8722
agenten	21048	395476283	73.8761
my	21045	395497328	73.88
EEG	21026	395518354	73.884
Willem	21014	395539368	73.8879
cd	20993	395560361	73.8918
toestand	20980	395581341	73.8957
tenminste	20972	395602313	73.8997
behoorlijk	20958	395623271	73.9036
F	20946	395644217	73.9075
ideeën	20938	395665155	73.9114
oudere	20938	395686093	73.9153
telefoon	20938	395707031	73.9192
grenzen	20936	395727967	73.9231
150	20934	395748901	73.927
65	20904	395769805	73.9309
minuut	20899	395790704	73.9348
Janssens	20895	395811599	73.9387
vielen	20850	395832449	73.9426
Wil	20817	395853266	73.9465
besloot	20812	395874078	73.9504
Yves	20807	395894885	73.9543
oudste	20803	395915688	73.9582
voortaan	20796	395936484	73.9621
vreemd	20784	395957268	73.966
Groen	20775	395978043	73.9698
lieten	20771	395998814	73.9737
Iran	20750	396019564	73.9776
twijfel	20748	396040312	73.9815
bron	20741	396061053	73.9853
blijken	20729	396081782	73.9892
bevat	20727	396102509	73.9931
Afrika	20719	396123228	73.997
lage	20710	396143938	74.0008
veroorzaakt	20690	396164628	74.0047
winnaar	20686	396185314	74.0086
instellingen	20679	396205993	74.0124
C8	20674	396226667	74.0163
onderneming	20673	396247340	74.0201
Polen	20663	396268003	74.024
organiseert	20651	396288654	74.0279
georganiseerd	20650	396309304	74.0317
sluit	20642	396329946	74.0356
mss	20622	396350568	74.0394
Eric	20613	396371181	74.0433
pakt	20588	396391769	74.0471
leidde	20577	396412346	74.051
nen	20574	396432920	74.0548
ondernemingen	20568	396453488	74.0587
Maria	20562	396474050	74.0625
overeenkomst	20540	396494590	74.0663
aanval	20528	396515118	74.0702
evenwel	20522	396535640	74.074
commerciële	20513	396556153	74.0778
post	20507	396576660	74.0817
zestig	20491	396597151	74.0855
baby	20487	396617638	74.0893
wijk	20487	396638125	74.0931
acties	20469	396658594	74.097
gerecht	20441	396679035	74.1008
ineens	20430	396699465	74.1046
muur	20427	396719892	74.1084
trots	20422	396740314	74.1122
eentje	20413	396760727	74.116
museum	20406	396781133	74.1199
bepalen	20395	396801528	74.1237
redden	20391	396821919	74.1275
afkomstig	20390	396842309	74.1313
thuisploeg	20376	396862685	74.1351
<	20344	396883029	74.1389
ploegen	20343	396903372	74.1427
Israëlische	20325	396923697	74.1465
papier	20322	396944019	74.1503
moe	20308	396964327	74.1541
oorzaak	20303	396984630	74.1579
tegenstelling	20302	397004932	74.1617
99	20300	397025232	74.1655
J.	20295	397045527	74.1693
training	20271	397065798	74.173
klacht	20269	397086067	74.1768
bleven	20265	397106332	74.1806
definitief	20248	397126580	74.1844
Intussen	20222	397146802	74.1882
oppositie	20216	397167018	74.1919
relatief	20207	397187225	74.1957
groeien	20200	397207425	74.1995
stukje	20184	397227609	74.2033
gebaseerd	20175	397247784	74.207
vooruit	20157	397267941	74.2108
ontdekt	20151	397288092	74.2146
tachtig	20149	397308241	74.2183
beschouwd	20143	397328384	74.2221
plaatselijke	20124	397348508	74.2258
praat	20124	397368632	74.2296
aanslag	20113	397388745	74.2334
slot	20104	397408849	74.2371
deuren	20102	397428951	74.2409
ernstig	20095	397449046	74.2446
EUR	20054	397469100	74.2484
Louis	20039	397489139	74.2521
meneer	20036	397509175	74.2559
kern	20034	397529209	74.2596
gedurende	20027	397549236	74.2633
podium	20022	397569258	74.2671
probeer	20004	397589262	74.2708
kandidaat	20000	397609262	74.2746
wapens	19985	397629247	74.2783
snelheid	19960	397649207	74.282
dichter	19954	397669161	74.2857
Verhofstadt	19945	397689106	74.2895
N-VA	19915	397709021	74.2932
blik	19906	397728927	74.2969
vertrek	19903	397748830	74.3006
Wereldoorlog	19894	397768724	74.3043
46	19887	397788611	74.3081
erger	19880	397808491	74.3118
stof	19875	397828366	74.3155
roman	19867	397848233	74.3192
nadien	19865	397868098	74.3229
armen	19864	397887962	74.3266
organisaties	19861	397907823	74.3303
uitleg	19834	397927657	74.334
doelman	19832	397947489	74.3377
winkels	19832	397967321	74.3414
manager	19825	397987146	74.3451
out	19823	398006969	74.3489
ofzo	19784	398026753	74.3525
redelijk	19783	398046536	74.3562
Jezus	19769	398066305	74.3599
:P	19768	398086073	74.3636
gasten	19753	398105826	74.3673
vrijwel	19745	398125571	74.371
afscheid	19743	398145314	74.3747
EN	19739	398165053	74.3784
that	19738	398184791	74.3821
droom	19713	398204504	74.3858
bod	19701	398224205	74.3894
zelden	19692	398243897	74.3931
plaatse	19685	398263582	74.3968
1993	19660	398283242	74.4005
gesprekken	19653	398302895	74.4041
snelle	19652	398322547	74.4078
verdere	19651	398342198	74.4115
spits	19646	398361844	74.4151
type	19643	398381487	74.4188
??	19640	398401127	74.4225
pers	19624	398420751	74.4261
thema	19613	398440364	74.4298
universiteit	19608	398459972	74.4335
1992	19606	398479578	74.4371
selectie	19601	398499179	74.4408
Universiteit	19600	398518779	74.4445
sloeg	19599	398538378	74.4481
onderdeel	19588	398557966	74.4518
bijdrage	19566	398577532	74.4554
bepalingen	19559	398597091	74.4591
vrede	19552	398616643	74.4627
Ons	19543	398636186	74.4664
oppervlakte	19527	398655713	74.47
Afghanistan	19517	398675230	74.4737
Waalse	19508	398694738	74.4773
zak	19491	398714229	74.481
Tussen	19481	398733710	74.4846
au	19470	398753180	74.4882
Sport	19445	398772625	74.4919
veertig	19445	398792070	74.4955
serie	19442	398811512	74.4991
zo.	19431	398830943	74.5028
behouden	19427	398850370	74.5064
O	19411	398869781	74.51
KV	19402	398889183	74.5137
ministers	19399	398908582	74.5173
HET	19369	398927951	74.5209
komst	19362	398947313	74.5245
Mark	19359	398966672	74.5281
Via	19348	398986020	74.5317
verzoek	19348	399005368	74.5354
Zowel	19315	399024683	74.539
drugs	19306	399043989	74.5426
seconden	19293	399063282	74.5462
houding	19283	399082565	74.5498
Vroeger	19277	399101842	74.5534
Vorige	19271	399121113	74.557
Buitenlandse	19263	399140376	74.5606
Later	19262	399159638	74.5642
Weer	19254	399178892	74.5678
procedure	19242	399198134	74.5714
scoorde	19232	399217366	74.575
vrees	19223	399236589	74.5785
mochten	19221	399255810	74.5821
zult	19197	399275007	74.5857
gelegd	19178	399294185	74.5893
Groot-Brittannië	19165	399313350	74.5929
roepen	19162	399332512	74.5965
link	19151	399351663	74.6
benen	19143	399370806	74.6036
begroting	19130	399389936	74.6072
elders	19127	399409063	74.6108
vermijden	19125	399428188	74.6143
with	19117	399447305	74.6179
H	19114	399466419	74.6215
set	19110	399485529	74.6251
par	19109	399504638	74.6286
betekenis	19098	399523736	74.6322
Willy	19096	399542832	74.6358
visie	19083	399561915	74.6393
financieel	19081	399580996	74.6429
islam	19070	399600066	74.6464
38	19064	399619130	74.65
operatie	19062	399638192	74.6536
slaap	19055	399657247	74.6571
belangstelling	19021	399676268	74.6607
programma's	19017	399695285	74.6642
getroffen	19016	399714301	74.6678
topic	19015	399733316	74.6713
VVD	19012	399752328	74.6749
arm	19002	399771330	74.6784
wit	19001	399790331	74.682
behoort	18989	399809320	74.6855
fase	18974	399828294	74.6891
glas	18960	399847254	74.6926
vliegtuig	18957	399866211	74.6962
gevaarlijk	18941	399885152	74.6997
dames	18922	399904074	74.7032
teken	18921	399922995	74.7068
bomen	18889	399941884	74.7103
vervoer	18879	399960763	74.7138
ofwel	18874	399979637	74.7174
stijging	18873	399998510	74.7209
mooiste	18860	400017370	74.7244
draagt	18855	400036225	74.7279
oprichting	18853	400055078	74.7314
berichten	18852	400073930	74.735
specifieke	18852	400092782	74.7385
CDA	18845	400111627	74.742
olie	18845	400130472	74.7455
milieu	18831	400149303	74.749
Ter	18822	400168125	74.7526
sommigen	18816	400186941	74.7561
André	18813	400205754	74.7596
live	18807	400224561	74.7631
Andere	18805	400243366	74.7666
aanslagen	18805	400262171	74.7701
55	18766	400280937	74.7736
zus	18763	400299700	74.7771
eventueel	18755	400318455	74.7806
be	18752	400337207	74.7841
waarden	18744	400355951	74.7876
prive	18735	400374686	74.7911
bericht	18734	400393420	74.7946
Te	18729	400412149	74.7981
uitbreiding	18719	400430868	74.8016
gebleven	18702	400449570	74.8051
Stijn	18691	400468261	74.8086
avonds	18689	400486950	74.8121
bestond	18681	400505631	74.8156
gezond	18672	400524303	74.8191
1991	18670	400542973	74.8226
Filip	18670	400561643	74.8261
clubs	18639	400580282	74.8296
02	18638	400598920	74.833
gouden	18607	400617527	74.8365
1990	18594	400636121	74.84
37	18590	400654711	74.8435
wens	18584	400673295	74.8469
dreigt	18575	400691870	74.8504
eenvoudig	18573	400710443	74.8539
jaarlijkse	18569	400729012	74.8573
militairen	18568	400747580	74.8608
ton	18552	400766132	74.8643
aanwezigheid	18542	400784674	74.8677
roept	18518	400803192	74.8712
aangezien	18509	400821701	74.8747
vergadering	18509	400840210	74.8781
Nationale	18507	400858717	74.8816
talent	18463	400877180	74.885
D.	18459	400895639	74.8885
meent	18429	400914068	74.8919
velen	18419	400932487	74.8953
vanmorgen	18404	400950891	74.8988
hallo	18396	400969287	74.9022
wisten	18395	400987682	74.9057
eer	18393	401006075	74.9091
kindje	18391	401024466	74.9125
antwoorden	18368	401042834	74.916
medische	18364	401061198	74.9194
kleuren	18362	401079560	74.9228
geest	18361	401097921	74.9262
mist	18348	401116269	74.9297
wees	18339	401134608	74.9331
teveel	18337	401152945	74.9365
werkelijk	18332	401171277	74.94
George	18308	401189585	74.9434
prachtige	18305	401207890	74.9468
interview	18295	401226185	74.9502
geslaagd	18268	401244453	74.9536
Sorry	18235	401262688	74.957
uitvoering	18231	401280919	74.9604
48	18230	401299149	74.9638
culturele	18219	401317368	74.9672
fouten	18218	401335586	74.9706
kiest	18218	401353804	74.974
Martin	18212	401372016	74.9775
kranten	18203	401390219	74.9809
vis	18199	401408418	74.9843
westen	18194	401426612	74.9877
afhankelijk	18178	401444790	74.991
toevallig	18178	401462968	74.9944
Philippe	18165	401481133	74.9978
redactie	18163	401499296	75.0012
Nadat	18159	401517455	75.0046
Chris	18153	401535608	75.008
editie	18152	401553760	75.0114
ongetwijfeld	18150	401571910	75.0148
inzet	18144	401590054	75.0182
Palestijnse	18117	401608171	75.0216
troepen	18105	401626276	75.0249
kwart	18084	401644360	75.0283
vermoord	18070	401662430	75.0317
allebei	18064	401680494	75.0351
d	18053	401698547	75.0384
mn	18024	401716571	75.0418
01	17976	401734547	75.0452
rijdt	17976	401752523	75.0485
scoren	17962	401770485	75.0519
minste	17959	401788444	75.0552
sorry	17953	401806397	75.0586
Belg	17942	401824339	75.0619
Comité	17936	401842275	75.0653
tekort	17931	401860206	75.0686
Spelen	17919	401878125	75.072
compleet	17915	401896040	75.0753
lot	17909	401913949	75.0787
gast	17877	401931826	75.082
gestuurd	17876	401949702	75.0854
standpunt	17865	401967567	75.0887
voorkeur	17861	401985428	75.092
Lokeren	17856	402003284	75.0954
Jos	17851	402021135	75.0987
luchthaven	17850	402038985	75.102
Franstalige	17846	402056831	75.1054
destijds	17818	402074649	75.1087
beschikken	17816	402092465	75.112
zijt	17803	402110268	75.1154
Eddy	17801	402128069	75.1187
warme	17800	402145869	75.122
weliswaar	17800	402163669	75.1253
vliegen	17797	402181466	75.1287
voorgesteld	17796	402199262	75.132
vreemde	17790	402217052	75.1353
verzet	17787	402234839	75.1386
Zelf	17772	402252611	75.1419
haast	17742	402270353	75.1453
menselijke	17736	402288089	75.1486
doordat	17727	402305816	75.1519
vzw	17708	402323524	75.1552
B.	17696	402341220	75.1585
stevig	17695	402358915	75.1618
Justitie	17677	402376592	75.1651
schip	17664	402394256	75.1684
forum	17663	402411919	75.1717
<p>	17662	402429581	75.175
zingen	17662	402447243	75.1783
Japanse	17658	402464901	75.1816
patiënten	17658	402482559	75.1849
been	17651	402500210	75.1882
mama	17621	402517831	75.1915
sterker	17612	402535443	75.1948
voorstelling	17609	402553052	75.1981
slagen	17600	402570652	75.2014
goedgekeurd	17593	402588245	75.2046
98	17585	402605830	75.2079
tel.	17564	402623394	75.2112
auteur	17554	402640948	75.2145
gedachten	17552	402658500	75.2178
slaat	17551	402676051	75.221
winter	17548	402693599	75.2243
commentaar	17534	402711133	75.2276
mekaar	17528	402728661	75.2309
Hallo	17527	402746188	75.2342
Les	17527	402763715	75.2374
Sven	17517	402781232	75.2407
bier	17506	402798738	75.244
economisch	17505	402816243	75.2472
zicht	17505	402833748	75.2505
dubbele	17493	402851241	75.2538
inkomsten	17480	402868721	75.257
beiden	17477	402886198	75.2603
negatieve	17477	402903675	75.2636
42	17457	402921132	75.2668
Denk	17446	402938578	75.2701
India	17444	402956022	75.2733
Ondertussen	17443	402973465	75.2766
kleren	17439	402990904	75.2799
gezinnen	17435	403008339	75.2831
nederlaag	17427	403025766	75.2864
datum	17426	403043192	75.2896
Indien	17420	403060612	75.2929
verdient	17418	403078030	75.2961
stijgen	17414	403095444	75.2994
Echt	17409	403112853	75.3026
momenten	17383	403130236	75.3059
gezocht	17373	403147609	75.3091
hoeven	17373	403164982	75.3124
fietsen	17357	403182339	75.3156
geleerd	17348	403199687	75.3189
PS	17342	403217029	75.3221
M.	17341	403234370	75.3253
gezondheid	17337	403251707	75.3286
teksten	17327	403269034	75.3318
Vier	17321	403286355	75.3351
behoren	17315	403303670	75.3383
voornamelijk	17285	403320955	75.3415
TC	17271	403338226	75.3447
Eerder	17262	403355488	75.348
Roger	17250	403372738	75.3512
sporen	17249	403389987	75.3544
omhoog	17222	403407209	75.3576
vermogen	17219	403424428	75.3608
conflict	17212	403441640	75.3641
traditie	17211	403458851	75.3673
kantoor	17209	403476060	75.3705
zekere	17207	403493267	75.3737
Vanavond	17193	403510460	75.3769
richten	17176	403527636	75.3801
VB	17166	403544802	75.3833
netwerk	17154	403561956	75.3865
streek	17149	403579105	75.3897
lagere	17141	403596246	75.3929
ontwikkelen	17140	403613386	75.3961
Beide	17128	403630514	75.3993
prachtig	17126	403647640	75.4025
tevens	17124	403664764	75.4057
uitzondering	17104	403681868	75.4089
Iemand	17098	403698966	75.4121
geleid	17094	403716060	75.4153
tegenstander	17062	403733122	75.4185
zeventig	17046	403750168	75.4217
investeringen	17043	403767211	75.4249
prins	17039	403784250	75.4281
reclame	17038	403801288	75.4312
lastig	17037	403818325	75.4344
ervaren	17023	403835348	75.4376
brug	17022	403852370	75.4408
individuele	17015	403869385	75.444
steunen	17008	403886393	75.4471
aangepast	16992	403903385	75.4503
Boonen	16991	403920376	75.4535
€	16987	403937363	75.4567
doelpunt	16976	403954339	75.4598
stadsbestuur	16975	403971314	75.463
pakte	16965	403988279	75.4662
Luik	16959	404005238	75.4693
Pierre	16950	404022188	75.4725
speelden	16946	404039134	75.4757
justitie	16940	404056074	75.4788
interesse	16939	404073013	75.482
noemde	16931	404089944	75.4852
straten	16920	404106864	75.4883
zenne	16920	404123784	75.4915
verbeteren	16916	404140700	75.4946
zijde	16905	404157605	75.4978
44	16900	404174505	75.501
aangeboden	16900	404191405	75.5041
Erik	16870	404208275	75.5073
raakt	16861	404225136	75.5104
'k	16860	404241996	75.5136
klachten	16855	404258851	75.5167
VRT	16853	404275704	75.5199
verdeeld	16851	404292555	75.523
beschermen	16839	404309394	75.5262
goederen	16838	404326232	75.5293
belastingen	16833	404343065	75.5325
250	16832	404359897	75.5356
durven	16826	404376723	75.5387
reizen	16820	404393543	75.5419
dromen	16816	404410359	75.545
verschijnen	16814	404427173	75.5482
tijdelijk	16804	404443977	75.5513
Kris	16794	404460771	75.5544
letterlijk	16790	404477561	75.5576
verklaarde	16778	404494339	75.5607
voert	16776	404511115	75.5638
kleinere	16772	404527887	75.567
Geef	16764	404544651	75.5701
geheim	16755	404561406	75.5732
haal	16747	404578153	75.5764
ruzie	16731	404594884	75.5795
em	16726	404611610	75.5826
Jullie	16722	404628332	75.5857
sur	16698	404645030	75.5889
behoefte	16683	404661713	75.592
Man	16669	404678382	75.5951
voorbereiding	16668	404695050	75.5982
seks	16661	404711711	75.6013
normale	16657	404728368	75.6044
raar	16657	404745025	75.6075
inkomen	16647	404761672	75.6106
regionale	16630	404778302	75.6138
verteld	16629	404794931	75.6169
beslissen	16623	404811554	75.62
feite	16622	404828176	75.6231
wagens	16602	404844778	75.6262
boom	16600	404861378	75.6293
97	16599	404877977	75.6324
gele	16589	404894566	75.6355
negentig	16589	404911155	75.6386
centraal	16574	404927729	75.6417
P	16571	404944300	75.6448
leiders	16567	404960867	75.6479
Hugo	16565	404977432	75.651
Bedankt	16557	404993989	75.654
geraken	16557	405010546	75.6571
Markt	16556	405027102	75.6602
Hof	16537	405043639	75.6633
ontslagen	16535	405060174	75.6664
communautaire	16523	405076697	75.6695
gezellig	16521	405093218	75.6726
Neem	16520	405109738	75.6757
verscheen	16516	405126254	75.6788
afspraken	16489	405142743	75.6818
voldoen	16487	405159230	75.6849
natuurlijke	16481	405175711	75.688
vrouwelijke	16480	405192191	75.6911
kwartaal	16479	405208670	75.6941
Geel	16476	405225146	75.6972
gemeentebestuur	16472	405241618	75.7003
vanmiddag	16461	405258079	75.7034
regeling	16457	405274536	75.7065
Huis	16452	405290988	75.7095
400	16442	405307430	75.7126
ongeluk	16438	405323868	75.7157
agenda	16432	405340300	75.7187
Museum	16414	405356714	75.7218
hemel	16412	405373126	75.7249
onvoldoende	16412	405389538	75.7279
Daarvoor	16388	405405926	75.731
Hoeveel	16388	405422314	75.7341
ingediend	16385	405438699	75.7371
Beveren	16380	405455079	75.7402
maat	16375	405471454	75.7432
A.	16368	405487822	75.7463
treden	16368	405504190	75.7494
benieuwd	16358	405520548	75.7524
verandering	16349	405536897	75.7555
planten	16340	405553237	75.7585
1000	16335	405569572	75.7616
klas	16335	405585907	75.7646
nummers	16330	405602237	75.7677
verschenen	16328	405618565	75.7707
eventuele	16326	405634891	75.7738
Rome	16323	405651214	75.7768
dl	16322	405667536	75.7799
burger	16311	405683847	75.7829
duidelijke	16311	405700158	75.786
instelling	16304	405716462	75.789
Turnhout	16301	405732763	75.7921
nood	16296	405749059	75.7951
goud	16294	405765353	75.7981
fans	16291	405781644	75.8012
l	16289	405797933	75.8042
Binnen	16287	405814220	75.8073
El	16286	405830506	75.8103
Bijna	16283	405846789	75.8134
sterven	16279	405863068	75.8164
geweldig	16271	405879339	75.8194
schoenen	16262	405895601	75.8225
2010	16255	405911856	75.8255
Ajax	16241	405928097	75.8285
Allez	16238	405944335	75.8316
digitale	16236	405960571	75.8346
vereniging	16234	405976805	75.8376
zesde	16225	405993030	75.8407
Lierse	16220	406009250	75.8437
mijne	16214	406025464	75.8467
koud	16211	406041675	75.8498
39	16199	406057874	75.8528
Steve	16184	406074058	75.8558
ochtend	16167	406090225	75.8588
volop	16150	406106375	75.8618
steeg	16145	406122520	75.8649
achtergrond	16141	406138661	75.8679
motor	16138	406154799	75.8709
aanzien	16135	406170934	75.8739
vooraf	16119	406187053	75.8769
ist	16117	406203170	75.8799
Washington	16114	406219284	75.8829
ambtenaren	16113	406235397	75.8859
Jean	16108	406251505	75.889
ah	16102	406267607	75.892
buren	16098	406283705	75.895
pensioen	16097	406299802	75.898
verliest	16096	406315898	75.901
simpel	16078	406331976	75.904
bedankt	16058	406348034	75.907
haven	16047	406364081	75.91
ontstond	16039	406380120	75.913
uitvoeren	16026	406396146	75.916
afspraak	16025	406412171	75.919
X	16015	406428186	75.922
bewezen	16009	406444195	75.9249
leeg	16009	406460204	75.9279
leverde	16008	406476212	75.9309
dader	16000	406492212	75.9339
alsnog	15989	406508201	75.9369
partners	15969	406524170	75.9399
#	15966	406540136	75.9429
achteraf	15955	406556091	75.9459
zone	15954	406572045	75.9488
gaven	15941	406587986	75.9518
dier	15936	406603922	75.9548
Oostenrijk	15934	406619856	75.9578
aangehouden	15934	406635790	75.9607
waarna	15933	406651723	75.9637
geprobeerd	15932	406667655	75.9667
Mijnheer	15930	406683585	75.9697
absolute	15930	406699515	75.9726
arbeiders	15926	406715441	75.9756
sloot	15924	406731365	75.9786
é	15921	406747286	75.9816
behandeld	15890	406763176	75.9845
test	15883	406779059	75.9875
waaraan	15882	406794941	75.9905
erover	15873	406810814	75.9934
supporters	15870	406826684	75.9964
interne	15859	406842543	75.9994
consument	15858	406858401	76.0023
Top	15857	406874258	76.0053
hoeveelheid	15856	406890114	76.0082
afloop	15852	406905966	76.0112
dringend	15840	406921806	76.0142
beschikt	15839	406937645	76.0171
wensen	15837	406953482	76.0201
PvdA	15834	406969316	76.023
geopend	15831	406985147	76.026
Neen	15827	407000974	76.029
opgesteld	15821	407016795	76.0319
jarenlang	15815	407032610	76.0349
Bergen	15814	407048424	76.0378
Witte	15812	407064236	76.0408
Walter	15809	407080045	76.0437
literatuur	15805	407095850	76.0467
instantie	15802	407111652	76.0496
uitsluitend	15788	407127440	76.0526
riep	15778	407143218	76.0555
Madrid	15776	407158994	76.0585
eet	15776	407174770	76.0614
gewezen	15774	407190544	76.0644
contacten	15771	407206315	76.0673
IN	15770	407222085	76.0703
brede	15768	407237853	76.0732
Begin	15766	407253619	76.0762
overname	15749	407269368	76.0791
wetenschap	15747	407285115	76.082
ernstige	15739	407300854	76.085
gat	15720	407316574	76.0879
autoriteiten	15718	407332292	76.0908
wetgeving	15692	407347984	76.0938
moeilijker	15682	407363666	76.0967
85	15678	407379344	76.0996
Jacques	15673	407395017	76.1026
verdachte	15673	407410690	76.1055
park	15672	407426362	76.1084
ramp	15662	407442024	76.1113
boot	15653	407457677	76.1143
renners	15653	407473330	76.1172
gedeelte	15637	407488967	76.1201
Der	15632	407504599	76.123
bezoeken	15615	407520214	76.126
League	15610	407535824	76.1289
dure	15572	407551396	76.1318
industrie	15571	407566967	76.1347
sneeuw	15569	407582536	76.1376
overeenkomstig	15566	407598102	76.1405
adres	15546	407613648	76.1434
rit	15546	407629194	76.1463
beslag	15544	407644738	76.1492
Tim	15533	407660271	76.1521
verandert	15531	407675802	76.155
schoon	15530	407691332	76.1579
zetels	15521	407706853	76.1608
opnemen	15505	407722358	76.1637
Olympische	15500	407737858	76.1666
43	15499	407753357	76.1695
begrepen	15484	407768841	76.1724
trap	15480	407784321	76.1753
gelden	15475	407799796	76.1782
Eind	15474	407815270	76.1811
gebruikte	15466	407830736	76.184
wezen	15465	407846201	76.1868
concert	15463	407861664	76.1897
prestatie	15462	407877126	76.1926
aanvankelijk	15459	407892585	76.1955
show	15440	407908025	76.1984
verdedigen	15424	407923449	76.2013
y	15417	407938866	76.2042
gezelschap	15415	407954281	76.207
Vanuit	15408	407969689	76.2099
blad	15396	407985085	76.2128
aardig	15391	408000476	76.2157
Tel.	15388	408015864	76.2185
gelooft	15379	408031243	76.2214
neen	15379	408046622	76.2243
langzaam	15365	408061987	76.2272
bos	15364	408077351	76.23
International	15362	408092713	76.2329
openen	15362	408108075	76.2358
stoffen	15358	408123433	76.2386
liepen	15349	408138782	76.2415
geluid	15348	408154130	76.2444
belangen	15331	408169461	76.2472
dik	15326	408184787	76.2501
verdediging	15318	408200105	76.253
vlot	15313	408215418	76.2558
uitspraken	15310	408230728	76.2587
technisch	15294	408246022	76.2615
C6	15281	408261303	76.2644
Vandaar	15269	408276572	76.2672
maximaal	15261	408291833	76.2701
roll	15258	408307091	76.2729
Tony	15257	408322348	76.2758
Gelet	15248	408337596	76.2786
liedje	15242	408352838	76.2815
roken	15240	408368078	76.2843
bekeken	15207	408383285	76.2872
alternatief	15206	408398491	76.29
San	15204	408413695	76.2929
oosten	15201	408428896	76.2957
stevige	15200	408444096	76.2985
investeren	15196	408459292	76.3014
:s	15184	408474476	76.3042
categorie	15184	408489660	76.307
gestegen	15183	408504843	76.3099
gevoelens	15180	408520023	76.3127
zwanger	15165	408535188	76.3156
vertrokken	15163	408550351	76.3184
tellen	15150	408565501	76.3212
qua	15145	408580646	76.324
festival	15140	408595786	76.3269
geschorst	15134	408610920	76.3297
ontwikkeld	15116	408626036	76.3325
just	15115	408641151	76.3353
analyse	15107	408656258	76.3382
treedt	15101	408671359	76.341
opvolger	15100	408686459	76.3438
diens	15098	408701557	76.3466
Jammer	15096	408716653	76.3495
rand	15093	408731746	76.3523
gaten	15087	408746833	76.3551
schat	15083	408761916	76.3579
klagen	15079	408776995	76.3607
elementen	15066	408792061	76.3635
eindigde	15065	408807126	76.3664
grotendeels	15061	408822187	76.3692
G.	15058	408837245	76.372
Groetjes	15053	408852298	76.3748
Lid-Staten	15046	408867344	76.3776
Hey	15045	408882389	76.3804
oren	15030	408897419	76.3832
daarentegen	15022	408912441	76.386
stopt	15020	408927461	76.3888
vandaan	15005	408942466	76.3916
lagen	14996	408957462	76.3944
normen	14971	408972433	76.3972
schoot	14970	408987403	76.4
verdacht	14964	409002367	76.4028
huid	14953	409017320	76.4056
groeit	14951	409032271	76.4084
sowieso	14944	409047215	76.4112
kanten	14942	409062157	76.414
evolutie	14932	409077089	76.4168
USD	14928	409092017	76.4196
Volgende	14921	409106938	76.4224
hahaha	14915	409121853	76.4251
66	14909	409136762	76.4279
grappig	14897	409151659	76.4307
41	14892	409166551	76.4335
aard	14885	409181436	76.4363
conclusie	14863	409196299	76.4391
dubbel	14863	409211162	76.4418
uiterlijk	14862	409226024	76.4446
gemeenschappelijke	14860	409240884	76.4474
raakten	14858	409255742	76.4502
vloer	14853	409270595	76.4529
favoriete	14839	409285434	76.4557
allochtonen	14838	409300272	76.4585
strategie	14838	409315110	76.4612
evenwicht	14836	409329946	76.464
miljoenen	14835	409344781	76.4668
vaststelling	14831	409359612	76.4696
Ok	14828	409374440	76.4723
gepland	14820	409389260	76.4751
boeren	14813	409404073	76.4779
maatschappelijke	14804	409418877	76.4806
Tijd	14802	409433679	76.4834
Uw	14800	409448479	76.4862
banden	14794	409463273	76.4889
boos	14788	409478061	76.4917
ingezet	14784	409492845	76.4944
gedragen	14780	409507625	76.4972
journalisten	14774	409522399	76.5
album	14773	409537172	76.5027
heerlijk	14761	409551933	76.5055
markten	14761	409566694	76.5082
onderzocht	14731	409581425	76.511
snap	14731	409596156	76.5137
heren	14730	409610886	76.5165
Mag	14728	409625614	76.5192
wolken	14710	409640324	76.522
kilo	14702	409655026	76.5247
Hoi	14686	409669712	76.5275
creëren	14682	409684394	76.5302
tal	14669	409699063	76.533
Berlijn	14665	409713728	76.5357
chauffeur	14665	409728393	76.5384
Laten	14664	409743057	76.5412
voren	14664	409757721	76.5439
Vijf	14654	409772375	76.5467
aanmerking	14639	409787014	76.5494
Oké	14627	409801641	76.5521
populair	14625	409816266	76.5549
voertuig	14622	409830888	76.5576
vieren	14616	409845504	76.5603
voedsel	14598	409860102	76.5631
koos	14588	409874690	76.5658
tekenen	14586	409889276	76.5685
1989	14582	409903858	76.5712
Vrouwen	14578	409918436	76.5739
Mooi	14576	409933012	76.5767
commissaris	14570	409947582	76.5794
ideale	14566	409962148	76.5821
negatief	14560	409976708	76.5848
onbekende	14548	409991256	76.5876
VOOR	14542	410005798	76.5903
Nederlander	14537	410020335	76.593
lijden	14533	410034868	76.5957
gooien	14524	410049392	76.5984
belasting	14515	410063907	76.6011
schrik	14498	410078405	76.6038
Iets	14493	410092898	76.6065
nachts	14491	410107389	76.6092
structuur	14491	410121880	76.612
controleren	14488	410136368	76.6147
anderhalf	14481	410150849	76.6174
Richard	14470	410165319	76.6201
not	14466	410179785	76.6228
km²	14457	410194242	76.6255
bijdragen	14442	410208684	76.6282
opening	14442	410223126	76.6309
United	14437	410237563	76.6336
bevindt	14432	410251995	76.6363
kunstenaar	14432	410266427	76.639
schuldig	14429	410280856	76.6416
wetenschappelijke	14419	410295275	76.6443
Portugal	14416	410309691	76.647
S.	14405	410324096	76.6497
opklaringen	14398	410338494	76.6524
leert	14396	410352890	76.6551
haat	14390	410367280	76.6578
Dankzij	14384	410381664	76.6605
EK	14382	410396046	76.6632
gevoerd	14370	410410416	76.6659
bloemen	14363	410424779	76.6685
Behalve	14361	410439140	76.6712
getrokken	14349	410453489	76.6739
kwartier	14343	410467832	76.6766
dieven	14336	410482168	76.6793
geschikt	14334	410496502	76.6819
Ach	14317	410510819	76.6846
leest	14317	410525136	76.6873
2009	14312	410539448	76.69
minst	14303	410553751	76.6926
20.00	14299	410568050	76.6953
communicatie	14299	410582349	76.698
rijke	14297	410596646	76.7006
breken	14296	410610942	76.7033
wereldwijd	14286	410625228	76.706
breed	14277	410639505	76.7086
beleggers	14276	410653781	76.7113
Heer	14275	410668056	76.714
Duitsers	14269	410682325	76.7166
luidt	14256	410696581	76.7193
Zulte	14250	410710831	76.722
doelpunten	14225	410725056	76.7246
uiterst	14219	410739275	76.7273
budget	14218	410753493	76.7299
VN	14216	410767709	76.7326
St.	14215	410781924	76.7352
James	14214	410796138	76.7379
koppel	14203	410810341	76.7406
liter	14202	410824543	76.7432
Zwitserland	14192	410838735	76.7459
westerse	14186	410852921	76.7485
overige	14181	410867102	76.7512
maal	14176	410881278	76.7538
zakken	14167	410895445	76.7565
meegemaakt	14161	410909606	76.7591
beperken	14159	410923765	76.7617
schieten	14155	410937920	76.7644
kunstenaars	14137	410952057	76.767
waarover	14134	410966191	76.7697
meldt	14124	410980315	76.7723
geslagen	14122	410994437	76.7749
gedachte	14121	411008558	76.7776
aanleg	14110	411022668	76.7802
steekt	14104	411036772	76.7829
collectie	14103	411050875	76.7855
toekomstige	14094	411064969	76.7881
are	14091	411079060	76.7908
onafhankelijk	14087	411093147	76.7934
Kristof	14077	411107224	76.796
beperkte	14075	411121299	76.7986
verwachtingen	14072	411135371	76.8013
oorsprong	14070	411149441	76.8039
stemming	14070	411163511	76.8065
Dendermonde	14066	411177577	76.8092
stilaan	14059	411191636	76.8118
C.	14055	411205691	76.8144
greep	14053	411219744	76.817
fabriek	14042	411233786	76.8197
risico's	14031	411247817	76.8223
fiscale	14029	411261846	76.8249
goedkoper	14010	411275856	76.8275
vrachtwagen	14001	411289857	76.8301
Kurt	13998	411303855	76.8327
verhouding	13998	411317853	76.8354
schorsing	13989	411331842	76.838
rolleyes	13988	411345830	76.8406
techniek	13981	411359811	76.8432
verklaard	13981	411373792	76.8458
record	13977	411387769	76.8484
kleiner	13963	411401732	76.851
Haha	13962	411415694	76.8536
Rik	13952	411429646	76.8562
prestaties	13952	411443598	76.8589
Moskou	13951	411457549	76.8615
chat	13947	411471496	76.8641
inspanningen	13946	411485442	76.8667
Jeroen	13944	411499386	76.8693
France	13937	411513323	76.8719
stuur	13937	411527260	76.8745
EEN	13930	411541190	76.8771
realiteit	13929	411555119	76.8797
vermeld	13929	411569048	76.8823
Hopelijk	13925	411582973	76.8849
Straks	13922	411596895	76.8875
klap	13913	411610808	76.8901
Cercle	13905	411624713	76.8927
naartoe	13896	411638609	76.8953
di	13886	411652495	76.8979
rente	13883	411666378	76.9005
Internet	13881	411680259	76.9031
Uiteraard	13878	411694137	76.9057
blauwe	13871	411708008	76.9082
melden	13871	411721879	76.9108
Elk	13870	411735749	76.9134
achterstand	13869	411749618	76.916
opzichte	13861	411763479	76.9186
brood	13851	411777330	76.9212
hiervoor	13844	411791174	76.9238
vluchten	13838	411805012	76.9264
Barcelona	13830	411818842	76.9289
Zweden	13830	411832672	76.9315
werkgever	13828	411846500	76.9341
DL	13813	411860313	76.9367
Oude	13806	411874119	76.9393
overzicht	13804	411887923	76.9419
Tienen	13800	411901723	76.9444
toonde	13800	411915523	76.947
evenveel	13791	411929314	76.9496
spanning	13787	411943101	76.9522
makkelijker	13784	411956885	76.9547
getrouwd	13783	411970668	76.9573
professor	13763	411984431	76.9599
geweten	13759	411998190	76.9625
overtuigen	13759	412011949	76.965
52	13749	412025698	76.9676
tips	13747	412039445	76.9702
Charles	13742	412053187	76.9727
Danny	13738	412066925	76.9753
kapitaal	13737	412080662	76.9779
Leeuw	13731	412094393	76.9804
gsm	13726	412108119	76.983
by	13717	412121836	76.9855
papa	13711	412135547	76.9881
coalitie	13706	412149253	76.9907
firma	13699	412162952	76.9932
lijf	13693	412176645	76.9958
Guido	13691	412190336	76.9983
III	13691	412204027	77.0009
details	13691	412217718	77.0035
getuigen	13667	412231385	77.006
da's	13663	412245048	77.0086
oorspronkelijke	13663	412258711	77.0111
vechten	13661	412272372	77.0137
betekenen	13658	412286030	77.0162
schijnt	13656	412299686	77.0188
islamitische	13650	412313336	77.0213
kapot	13644	412326980	77.0239
omroep	13642	412340622	77.0264
bedragen	13640	412354262	77.029
opent	13637	412367899	77.0315
Amsterdamse	13636	412381535	77.0341
bijkomende	13626	412395161	77.0366
regisseur	13625	412408786	77.0392
beheer	13619	412422405	77.0417
regel	13617	412436022	77.0442
20.30	13599	412449621	77.0468
Tja	13594	412463215	77.0493
Afrikaanse	13589	412476804	77.0519
politicus	13575	412490379	77.0544
opgelost	13560	412503939	77.0569
Arabische	13559	412517498	77.0595
locatie	13559	412531057	77.062
journalist	13549	412544606	77.0645
voorwaarde	13546	412558152	77.0671
theorie	13530	412571682	77.0696
melk	13527	412585209	77.0721
P.	13522	412598731	77.0746
enig	13521	412612252	77.0772
nationaal	13515	412625767	77.0797
verklaart	13515	412639282	77.0822
boord	13514	412652796	77.0847
slotte	13513	412666309	77.0873
technologie	13512	412679821	77.0898
gereden	13507	412693328	77.0923
optie	13506	412706834	77.0948
strand	13504	412720338	77.0974
logisch	13498	412733836	77.0999
Tien	13497	412747333	77.1024
onzer	13494	412760827	77.1049
bestuurders	13483	412774310	77.1074
toeristen	13482	412787792	77.11
Centrum	13480	412801272	77.1125
aandeelhouders	13472	412814744	77.115
belangrijker	13469	412828213	77.1175
onderdelen	13467	412841680	77.12
Vrijdag	13465	412855145	77.1225
overleed	13461	412868606	77.125
Daarin	13456	412882062	77.1276
koningin	13456	412895518	77.1301
stijgt	13453	412908971	77.1326
voorzichtig	13453	412922424	77.1351
ingang	13451	412935875	77.1376
Leuk	13435	412949310	77.1401
M	13434	412962744	77.1426
terugkeer	13433	412976177	77.1451
trainen	13430	412989607	77.1477
what	13426	413003033	77.1502
Marcel	13423	413016456	77.1527
kiezers	13417	413029873	77.1552
uitstekend	13405	413043278	77.1577
werkloosheid	13403	413056681	77.1602
reageerde	13401	413070082	77.1627
vermoedelijk	13401	413083483	77.1652
Da's	13399	413096882	77.1677
scherp	13395	413110277	77.1702
democratische	13387	413123664	77.1727
concept	13385	413137049	77.1752
gebeurtenissen	13383	413150432	77.1777
brak	13380	413163812	77.1802
Helaas	13379	413177191	77.1827
Fransen	13376	413190567	77.1852
gedwongen	13371	413203938	77.1877
HEER	13363	413217301	77.1902
arts	13343	413230644	77.1927
opvallend	13342	413243986	77.1952
overgenomen	13339	413257325	77.1977
imago	13326	413270651	77.2002
toon	13320	413283971	77.2026
pleit	13316	413297287	77.2051
Had	13305	413310592	77.2076
Inderdaad	13276	413323868	77.2101
vergelijken	13262	413337130	77.2126
World	13253	413350383	77.215
maatregel	13248	413363631	77.2175
automatisch	13247	413376878	77.22
linkse	13243	413390121	77.2225
u.	13241	413403362	77.2249
bord	13233	413416595	77.2274
kruispunt	13233	413429828	77.2299
gewicht	13228	413443056	77.2324
Maes	13224	413456280	77.2348
hof	13224	413469504	77.2373
dagelijkse	13222	413482726	77.2398
Rob	13210	413495936	77.2422
zichtbaar	13205	413509141	77.2447
Iraakse	13203	413522344	77.2472
Spa	13193	413535537	77.2496
miss	13184	413548721	77.2521
verlopen	13181	413561902	77.2546
stadion	13179	413575081	77.257
redacteur	13175	413588256	77.2595
knie	13173	413601429	77.2619
Griekse	13168	413614597	77.2644
o.a.	13163	413627760	77.2669
E	13160	413640920	77.2693
no	13159	413654079	77.2718
omwille	13159	413667238	77.2742
passagiers	13154	413680392	77.2767
geniet	13153	413693545	77.2791
tenslotte	13151	413706696	77.2816
concrete	13148	413719844	77.2841
aangenomen	13145	413732989	77.2865
veertien	13140	413746129	77.289
City	13132	413759261	77.2914
verrassing	13131	413772392	77.2939
voormalig	13129	413785521	77.2963
47	13107	413798628	77.2988
bevestigd	13099	413811727	77.3012
onderzoekers	13099	413824826	77.3037
werkgevers	13099	413837925	77.3061
overeenstemming	13090	413851015	77.3086
evenmin	13088	413864103	77.311
kamp	13075	413877178	77.3135
Mol	13074	413890252	77.3159
online	13069	413903321	77.3183
hielden	13064	413916385	77.3208
Financiën	13062	413929447	77.3232
stak	13053	413942500	77.3257
paard	13051	413955551	77.3281
enzo	13047	413968598	77.3305
Bruno	13041	413981639	77.333
effectief	13032	413994671	77.3354
Saddam	13029	414007700	77.3378
fors	13026	414020726	77.3403
finales	13013	414033739	77.3427
populaire	13010	414046749	77.3451
onafhankelijkheid	13006	414059755	77.3476
plaat	13000	414072755	77.35
Westerlo	12998	414085753	77.3524
gestopt	12983	414098736	77.3548
papieren	12978	414111714	77.3573
integratie	12974	414124688	77.3597
verhogen	12972	414137660	77.3621
deelnemen	12971	414150631	77.3645
Economische	12965	414163596	77.367
oproep	12960	414176556	77.3694
Groningen	12958	414189514	77.3718
pagina	12957	414202471	77.3742
knap	12956	414215427	77.3766
verschijnt	12953	414228380	77.3791
Koning	12950	414241330	77.3815
danken	12949	414254279	77.3839
identiteit	12948	414267227	77.3863
gebroken	12944	414280171	77.3887
Burgemeester	12943	414293114	77.3911
zwakke	12935	414306049	77.3936
Griekenland	12932	414318981	77.396
alcohol	12932	414331913	77.3984
nadenken	12921	414344834	77.4008
Jong	12920	414357754	77.4032
geïnteresseerd	12915	414370669	77.4056
buik	12914	414383583	77.408
verdiend	12912	414396495	77.4105
vangen	12908	414409403	77.4129
Bob	12907	414422310	77.4153
cheer	12897	414435207	77.4177
Champions	12892	414448099	77.4201
Momenteel	12889	414460988	77.4225
verkozen	12876	414473864	77.4249
Luxemburg	12872	414486736	77.4273
voordelen	12872	414499608	77.4297
religieuze	12868	414512476	77.4321
stilte	12861	414525337	77.4345
onafhankelijke	12858	414538195	77.4369
toestemming	12857	414551052	77.4393
mede	12856	414563908	77.4417
plotseling	12856	414576764	77.4441
vroege	12852	414589616	77.4465
dossiers	12842	414602458	77.4489
Martens	12837	414615295	77.4513
respectievelijk	12835	414628130	77.4537
dom	12831	414640961	77.4561
regime	12828	414653789	77.4585
raam	12827	414666616	77.4609
massaal	12821	414679437	77.4633
protest	12821	414692258	77.4657
Australië	12819	414705077	77.4681
vrezen	12816	414717893	77.4705
gestart	12813	414730706	77.4729
Gaat	12812	414743518	77.4753
aparte	12811	414756329	77.4777
acteur	12796	414769125	77.4801
gelijke	12788	414781913	77.4825
uitgesproken	12788	414794701	77.4848
an	12785	414807486	77.4872
H.	12782	414820268	77.4896
Zal	12774	414833042	77.492
Congo	12761	414845803	77.4944
geholpen	12758	414858561	77.4968
gepleegd	12756	414871317	77.4992
vergeet	12750	414884067	77.5015
ontwerp	12745	414896812	77.5039
Jo	12742	414909554	77.5063
stroom	12742	414922296	77.5087
Smet	12740	414935036	77.5111
03	12739	414947775	77.5134
juridische	12738	414960513	77.5158
Egypte	12724	414973237	77.5182
toegepast	12722	414985959	77.5206
fles	12718	414998677	77.523
SP	12711	415011388	77.5253
Wouter	12706	415024094	77.5277
gewonden	12700	415036794	77.5301
studies	12693	415049487	77.5324
stelling	12691	415062178	77.5348
verbod	12690	415074868	77.5372
do	12689	415087557	77.5396
gekend	12689	415100246	77.5419
verklaren	12688	415112934	77.5443
bodem	12687	415125621	77.5467
vermoeden	12675	415138296	77.549
tegenstanders	12674	415150970	77.5514
Balkenende	12667	415163637	77.5538
paus	12667	415176304	77.5561
bronnen	12660	415188964	77.5585
namens	12657	415201621	77.5609
Niets	12656	415214277	77.5632
leer	12652	415226929	77.5656
geel	12650	415239579	77.568
dode	12646	415252225	77.5703
vullen	12646	415264871	77.5727
interessante	12642	415277513	77.575
Zuid-Afrika	12638	415290151	77.5774
uitslag	12635	415302786	77.5798
Post	12633	415315419	77.5821
Marokkaanse	12623	415328042	77.5845
ervaringen	12620	415340662	77.5868
gemist	12619	415353281	77.5892
onderweg	12611	415365892	77.5915
schaal	12607	415378499	77.5939
49	12601	415391100	77.5963
1981	12597	415403697	77.5986
AA	12583	415416280	77.601
fantastisch	12579	415428859	77.6033
uitdaging	12579	415441438	77.6057
aflevering	12577	415454015	77.608
Gezien	12574	415466589	77.6104
vooruitgang	12571	415479160	77.6127
jury	12569	415491729	77.6151
10.000	12568	415504297	77.6174
beseffen	12555	415516852	77.6197
stop	12551	415529403	77.6221
oordeel	12550	415541953	77.6244
aankoop	12542	415554495	77.6268
historisch	12538	415567033	77.6291
realiseren	12530	415579563	77.6315
verliefd	12525	415592088	77.6338
lossen	12520	415604608	77.6361
toestel	12514	415617122	77.6385
daling	12512	415629634	77.6408
grondgebied	12511	415642145	77.6432
term	12511	415654656	77.6455
verre	12504	415667160	77.6478
vak	12500	415679660	77.6502
vierkante	12495	415692155	77.6525
duurder	12493	415704648	77.6548
fusie	12492	415717140	77.6572
broers	12491	415729631	77.6595
gevestigd	12487	415742118	77.6618
humor	12480	415754598	77.6642
arme	12470	415767068	77.6665
cm	12468	415779536	77.6688
zacht	12467	415792003	77.6711
las	12463	415804466	77.6735
Obama	12462	415816928	77.6758
duo	12457	415829385	77.6781
behoud	12450	415841835	77.6805
ruime	12450	415854285	77.6828
geconfronteerd	12449	415866734	77.6851
trek	12442	415879176	77.6874
beslissingen	12438	415891614	77.6898
christelijke	12437	415904051	77.6921
wetten	12436	415916487	77.6944
portefeuille	12432	415928919	77.6967
hetgeen	12429	415941348	77.699
Christophe	12427	415953775	77.7014
your	12427	415966202	77.7037
intro	12422	415978624	77.706
Oudenaarde	12419	415991043	77.7083
geheime	12410	416003453	77.7106
kat	12409	416015862	77.713
verspreid	12404	416028266	77.7153
jongere	12389	416040655	77.7176
broek	12386	416053041	77.7199
vlug	12378	416065419	77.7222
loon	12367	416077786	77.7245
privé	12367	416090153	77.7268
R.	12354	416102507	77.7291
overleven	12348	416114855	77.7315
dansen	12346	416127201	77.7338
toeval	12346	416139547	77.7361
vertrekt	12339	416151886	77.7384
VTM	12320	416164206	77.7407
tegelijkertijd	12316	416176522	77.743
g	12315	416188837	77.7453
serieuze	12314	416201151	77.7476
zetel	12314	416213465	77.7499
voorbeelden	12310	416225775	77.7522
betrapt	12307	416238082	77.7545
bedacht	12303	416250385	77.7568
doorgaan	12298	416262683	77.7591
liedjes	12298	416274981	77.7614
TV	12296	416287277	77.7637
gevaarlijke	12295	416299572	77.766
fel	12291	416311863	77.7683
springen	12286	416324149	77.7706
Blok	12269	416336418	77.7728
inclusief	12265	416348683	77.7751
talen	12260	416360943	77.7774
120	12249	416373192	77.7797
Hou	12245	416385437	77.782
Nieuw	12245	416397682	77.7843
dikwijls	12233	416409915	77.7866
Rond	12231	416422146	77.7889
scheiding	12223	416434369	77.7911
groeide	12218	416446587	77.7934
overdreven	12217	416458804	77.7957
vogels	12216	416471020	77.798
bescheiden	12215	416483235	77.8003
camera	12209	416495444	77.8026
56	12207	416507651	77.8048
Canada	12205	416519856	77.8071
beseft	12201	416532057	77.8094
Zaventem	12199	416544256	77.8117
houd	12199	416556455	77.8139
ontstaat	12197	416568652	77.8162
documenten	12196	416580848	77.8185
Instituut	12193	416593041	77.8208
zender	12187	416605228	77.8231
Pakistan	12182	416617410	77.8253
Kosovo	12181	416629591	77.8276
SV	12178	416641769	77.8299
Vaak	12177	416653946	77.8322
joden	12175	416666121	77.8344
gauw	12163	416678284	77.8367
super	12163	416690447	77.839
geleverd	12155	416702602	77.8412
OCMW	12153	416714755	77.8435
professionele	12150	416726905	77.8458
tip	12145	416739050	77.8481
wapen	12145	416751195	77.8503
zanger	12137	416763332	77.8526
patiënt	12132	416775464	77.8549
zucht	12128	416787592	77.8571
unieke	12125	416799717	77.8594
Cup	12122	416811839	77.8617
vluchtelingen	12117	416823956	77.8639
pad	12113	416836069	77.8662
enigszins	12104	416848173	77.8684
Mannen	12096	416860269	77.8707
have	12095	416872364	77.873
uitstel	12090	416884454	77.8752
theater	12089	416896543	77.8775
Politieke	12084	416908627	77.8797
Gewoon	12081	416920708	77.882
Harry	12079	416932787	77.8842
zodra	12078	416944865	77.8865
verdachten	12070	416956935	77.8888
duurde	12068	416969003	77.891
correspondent	12067	416981070	77.8933
ambitie	12052	416993122	77.8955
1988	12049	417005171	77.8978
overgebracht	12036	417017207	77.9
54	12035	417029242	77.9023
verscheidene	12031	417041273	77.9045
keert	12027	417053300	77.9068
staking	12027	417065327	77.909
gelukt	12025	417077352	77.9113
lieve	12024	417089376	77.9135
voetballen	12023	417101399	77.9157
drama	12020	417113419	77.918
anderzijds	12019	417125438	77.9202
toezicht	12015	417137453	77.9225
geslacht	12011	417149464	77.9247
Sint-Niklaas	12010	417161474	77.927
stapte	12004	417173478	77.9292
buien	12003	417185481	77.9315
lessen	12003	417197484	77.9337
Limburgse	11996	417209480	77.9359
ziel	11995	417221475	77.9382
directe	11993	417233468	77.9404
51	11992	417245460	77.9427
uitgaven	11985	417257445	77.9449
zestien	11978	417269423	77.9471
vannacht	11976	417281399	77.9494
armoede	11969	417293368	77.9516
voorschriften	11965	417305333	77.9538
Leo	11960	417317293	77.9561
trouwen	11956	417329249	77.9583
Ford	11953	417341202	77.9605
apart	11950	417353152	77.9628
fijne	11947	417365099	77.965
waaruit	11942	417377041	77.9672
pc	11941	417388982	77.9695
onderwerpen	11939	417400921	77.9717
Antwerp	11931	417412852	77.9739
Henin	11931	417424783	77.9762
E.	11930	417436713	77.9784
Real	11930	417448643	77.9806
trokken	11929	417460572	77.9828
zevende	11919	417472491	77.9851
il	11913	417484404	77.9873
katholieke	11911	417496315	77.9895
stoel	11911	417508226	77.9917
V.	11908	417520134	77.994
liberale	11908	417532042	77.9962
besef	11906	417543948	77.9984
herstellen	11902	417555850	78.0006
Palestijnen	11900	417567750	78.0029
hiervan	11896	417579646	78.0051
Maak	11893	417591539	78.0073
toegevoegd	11889	417603428	78.0095
West-Vlaanderen	11887	417615315	78.0117
meester	11884	417627199	78.014
moed	11883	417639082	78.0162
58	11877	417650959	78.0184
plant	11869	417662828	78.0206
gas	11866	417674694	78.0228
doorgaans	11865	417686559	78.0251
rook	11861	417698420	78.0273
all	11859	417710279	78.0295
duel	11859	417722138	78.0317
voertuigen	11853	417733991	78.0339
eenvoudige	11851	417745842	78.0361
koopt	11850	417757692	78.0383
krachten	11849	417769541	78.0406
opende	11847	417781388	78.0428
lijnen	11846	417793234	78.045
rivier	11845	417805079	78.0472
sterren	11843	417816922	78.0494
honden	11840	417828762	78.0516
gekeken	11838	417840600	78.0538
begeleiding	11836	417852436	78.056
kocht	11836	417864272	78.0583
handig	11835	417876107	78.0605
nr	11833	417887940	78.0627
drukken	11827	417899767	78.0649
klonk	11824	417911591	78.0671
telde	11823	417923414	78.0693
lukken	11820	417935234	78.0715
Stel	11818	417947052	78.0737
2011	11817	417958869	78.0759
hiermee	11816	417970685	78.0781
buit	11814	417982499	78.0803
René	11811	417994310	78.0825
Vincent	11809	418006119	78.0848
aanbieden	11801	418017920	78.087
appartement	11799	418029719	78.0892
score	11776	418041495	78.0914
verstaan	11775	418053270	78.0936
genoemde	11769	418065039	78.0958
2,5	11768	418076807	78.098
verdwijnt	11768	418088575	78.1002
vingers	11767	418100342	78.1024
e-mail	11756	418112098	78.1045
gelopen	11752	418123850	78.1067
relaties	11752	418135602	78.1089
verstand	11746	418147348	78.1111
fraude	11741	418159089	78.1133
RC	11735	418170824	78.1155
stuurde	11735	418182559	78.1177
Kinderen	11730	418194289	78.1199
zwembad	11728	418206017	78.1221
enthousiast	11726	418217743	78.1243
joodse	11724	418229467	78.1265
socialistische	11717	418241184	78.1287
Republiek	11713	418252897	78.1308
wereldkampioen	11712	418264609	78.133
V	11711	418276320	78.1352
Duits	11701	418288021	78.1374
Binnenlandse	11690	418299711	78.1396
draad	11687	418311398	78.1418
diepe	11685	418323083	78.144
kloof	11682	418334765	78.1461
Fra	11674	418346439	78.1483
heilige	11674	418358113	78.1505
Theo	11671	418369784	78.1527
hoef	11666	418381450	78.1549
kheb	11664	418393114	78.157
herinneren	11661	418404775	78.1592
tijdelijke	11657	418416432	78.1614
fractie	11654	418428086	78.1636
ingevoerd	11653	418439739	78.1658
parking	11645	418451384	78.1679
volwassen	11637	418463021	78.1701
Laatste	11631	418474652	78.1723
Derde	11630	418486282	78.1744
bijeen	11625	418497907	78.1766
brieven	11625	418509532	78.1788
72	11623	418521155	78.181
Els	11622	418532777	78.1831
Vos	11620	418544397	78.1853
toenmalige	11619	418556016	78.1875
aangekondigd	11614	418567630	78.1896
dertien	11613	418579243	78.1918
53	11597	418590840	78.194
lezer	11597	418602437	78.1961
trend	11596	418614033	78.1983
Mieke	11595	418625628	78.2005
erkenning	11595	418637223	78.2026
houten	11585	418648808	78.2048
Jacobs	11583	418660391	78.207
exemplaren	11583	418671974	78.2091
lokaal	11581	418683555	78.2113
Maandag	11576	418695131	78.2135
taken	11575	418706706	78.2156
grondig	11564	418718270	78.2178
hout	11561	418729831	78.2199
gedood	11560	418741391	78.2221
bekendgemaakt	11552	418752943	78.2243
Ann	11550	418764493	78.2264
Mexico	11543	418776036	78.2286
gezeten	11541	418787577	78.2307
muren	11540	418799117	78.2329
werkzaamheden	11522	418810639	78.235
tenzij	11518	418822157	78.2372
manieren	11517	418833674	78.2393
uitgesloten	11517	418845191	78.2415
honger	11516	418856707	78.2436
gescheiden	11513	418868220	78.2458
kartel	11513	418879733	78.2479
geboorte	11511	418891244	78.2501
NMBS	11510	418902754	78.2522
Westen	11506	418914260	78.2544
stierf	11505	418925765	78.2565
besluiten	11504	418937269	78.2587
grondwet	11502	418948771	78.2608
donkere	11498	418960269	78.263
oh	11497	418971766	78.2651
Sp.	11490	418983256	78.2673
originele	11489	418994745	78.2694
landbouw	11488	419006233	78.2716
vlakbij	11487	419017720	78.2737
Vraag	11474	419029194	78.2759
werknemer	11469	419040663	78.278
industriële	11468	419052131	78.2801
constant	11464	419063595	78.2823
beweert	11462	419075057	78.2844
uitstekende	11462	419086519	78.2866
late	11459	419097978	78.2887
Poolse	11458	419109436	78.2909
bevatten	11458	419120894	78.293
Olivier	11456	419132350	78.2951
Naties	11445	419143795	78.2973
diefstal	11444	419155239	78.2994
zocht	11441	419166680	78.3015
verbetering	11439	419178119	78.3037
zeiden	11437	419189556	78.3058
62	11436	419200992	78.308
verdieping	11431	419212423	78.3101
status	11429	419223852	78.3122
ontbreekt	11426	419235278	78.3144
begraven	11405	419246683	78.3165
lidstaat	11395	419258078	78.3186
god	11391	419269469	78.3207
pink	11391	419280860	78.3229
mes	11386	419292246	78.325
Di	11380	419303626	78.3271
Jef	11378	419315004	78.3293
management	11374	419326378	78.3314
verkoopt	11371	419337749	78.3335
schot	11366	419349115	78.3356
spannend	11363	419360478	78.3377
c	11358	419371836	78.3399
daaraan	11356	419383192	78.342
uitleggen	11356	419394548	78.3441
tja	11349	419405897	78.3462
oei	11348	419417245	78.3484
dalen	11346	419428591	78.3505
behaalde	11339	419439930	78.3526
artsen	11337	419451267	78.3547
bibliotheek	11336	419462603	78.3568
wijziging	11334	419473937	78.3589
brachten	11330	419485267	78.3611
67	11323	419496590	78.3632
verdediger	11323	419507913	78.3653
stenen	11322	419519235	78.3674
15.00	11316	419530551	78.3695
zoontje	11310	419541861	78.3716
beloofd	11308	419553169	78.3737
deels	11308	419564477	78.3759
vlag	11304	419575781	78.378
woonde	11296	419587077	78.3801
vanzelf	11285	419598362	78.3822
diende	11277	419609639	78.3843
begrijpt	11271	419620910	78.3864
artikelen	11265	419632175	78.3885
bevoegdheden	11265	419643440	78.3906
valse	11265	419654705	78.3927
bevestigt	11263	419665968	78.3948
Beerschot	11253	419677221	78.3969
donker	11242	419688463	78.399
klimaat	11240	419699703	78.4011
elektronische	11234	419710937	78.4032
Koninkrijk	11230	419722167	78.4053
Overigens	11230	419733397	78.4074
typisch	11228	419744625	78.4095
verhuizen	11228	419755853	78.4116
this	11213	419767066	78.4137
zout	11203	419778269	78.4158
richt	11199	419789468	78.4179
wijken	11199	419800667	78.42
definitieve	11196	419811863	78.4221
illegale	11196	419823059	78.4242
hoofdpunten	11194	419834253	78.4263
gecontroleerd	11193	419845446	78.4283
gezonde	11191	419856637	78.4304
zelfmoord	11188	419867825	78.4325
duidelijkheid	11178	419879003	78.4346
artiesten	11174	419890177	78.4367
Henk	11172	419901349	78.4388
besliste	11171	419912520	78.4409
eist	11171	419923691	78.443
steek	11162	419934853	78.445
gedeeltelijk	11155	419946008	78.4471
gevangenen	11155	419957163	78.4492
Roland	11148	419968311	78.4513
bovenop	11147	419979458	78.4534
controles	11146	419990604	78.4555
w	11138	420001742	78.4575
extreem	11136	420012878	78.4596
Zolang	11133	420024011	78.4617
love	11121	420035132	78.4638
Clijsters	11119	420046251	78.4659
KBC	11117	420057368	78.4679
ontmoet	11117	420068485	78.47
Standaard	11113	420079598	78.4721
gemeenteraadsverkiezingen	11112	420090710	78.4742
beroemde	11110	420101820	78.4762
context	11106	420112926	78.4783
beweren	11102	420124028	78.4804
kloppen	11102	420135130	78.4825
Philips	11101	420146231	78.4845
Mevrouw	11099	420157330	78.4866
werklozen	11095	420168425	78.4887
afgesproken	11092	420179517	78.4907
nabij	11092	420190609	78.4928
namiddag	11092	420201701	78.4949
Dedecker	11086	420212787	78.497
werkgelegenheid	11086	420223873	78.499
jobs	11082	420234955	78.5011
ring	11081	420246036	78.5032
stapt	11077	420257113	78.5052
geleidelijk	11076	420268189	78.5073
Brazilië	11069	420279258	78.5094
verenigingen	11069	420290327	78.5114
schiet	11059	420301386	78.5135
correct	11057	420312443	78.5156
flinke	11055	420323498	78.5176
kasteel	11050	420334548	78.5197
leerde	11047	420345595	78.5218
noem	11045	420356640	78.5238
opeens	11044	420367684	78.5259
seizoenen	11044	420378728	78.528
fan	11040	420389768	78.53
invoering	11039	420400807	78.5321
sterkte	11038	420411845	78.5341
testen	11037	420422882	78.5362
57	11035	420433917	78.5383
Nico	11035	420444952	78.5403
tempo	11035	420455987	78.5424
Wordt	11027	420467014	78.5445
startte	11026	420478040	78.5465
trouw	11016	420489056	78.5486
video	11016	420500072	78.5506
gelaten	11012	420511084	78.5527
handicap	11009	420522093	78.5547
afval	11008	420533101	78.5568
blauw	10999	420544100	78.5589
Sommigen	10996	420555096	78.5609
rap	10994	420566090	78.563
You	10993	420577083	78.565
Alex	10992	420588075	78.5671
al.	10987	420599062	78.5691
eigendom	10987	420610049	78.5712
terrorisme	10985	420621034	78.5732
Thuis	10984	420632018	78.5753
nieuwste	10977	420642995	78.5773
Nooit	10974	420653969	78.5794
durft	10974	420664943	78.5814
eenheid	10972	420675915	78.5835
Bron	10963	420686878	78.5855
Beste	10962	420697840	78.5876
minister-president	10953	420708793	78.5896
1987	10952	420719745	78.5917
bevoegde	10952	420730697	78.5937
Ieper	10951	420741648	78.5958
antwoordde	10951	420752599	78.5978
racisme	10951	420763550	78.5998
hedendaagse	10947	420774497	78.6019
kleding	10947	420785444	78.6039
1980	10940	420796384	78.606
kampen	10940	420807324	78.608
Laurent	10939	420818263	78.6101
koken	10938	420829201	78.6121
proeven	10937	420840138	78.6142
up	10931	420851069	78.6162
Reynders	10929	420861998	78.6182
subsidies	10928	420872926	78.6203
verwondingen	10927	420883853	78.6223
Premier	10926	420894779	78.6244
reputatie	10926	420905705	78.6264
nek	10922	420916627	78.6284
Max	10917	420927544	78.6305
getuige	10917	420938461	78.6325
Lijn	10915	420949376	78.6346
voorjaar	10914	420960290	78.6366
inzicht	10912	420971202	78.6386
Zwitserse	10911	420982113	78.6407
lengte	10910	420993023	78.6427
onderhoud	10908	421003931	78.6447
ruil	10905	421014836	78.6468
Meestal	10904	421025740	78.6488
staten	10902	421036642	78.6509
Simon	10900	421047542	78.6529
definitie	10897	421058439	78.6549
ontwikkelingen	10897	421069336	78.657
herstel	10896	421080232	78.659
maximum	10895	421091127	78.661
dachten	10878	421102005	78.6631
adem	10877	421112882	78.6651
vent	10876	421123758	78.6671
religie	10875	421134633	78.6692
uitmaken	10875	421145508	78.6712
lukte	10873	421156381	78.6732
ontzettend	10873	421167254	78.6753
Britten	10870	421178124	78.6773
back	10865	421188989	78.6793
Trouwens	10858	421199847	78.6813
Street	10853	421210700	78.6834
opbrengst	10853	421221553	78.6854
Microsoft	10850	421232403	78.6874
signaal	10848	421243251	78.6895
Franstaligen	10847	421254098	78.6915
matchen	10845	421264943	78.6935
toernooi	10845	421275788	78.6955
Maarten	10844	421286632	78.6976
bepaalt	10841	421297473	78.6996
activiteit	10839	421308312	78.7016
ontdekken	10834	421319146	78.7036
achttien	10832	421329978	78.7057
studeren	10831	421340809	78.7077
echtgenote	10823	421351632	78.7097
68	10821	421362453	78.7117
ziekenhuizen	10821	421373274	78.7137
verwijderd	10819	421384093	78.7158
bezocht	10811	421394904	78.7178
Moeskroen	10810	421405714	78.7198
droeg	10807	421416521	78.7218
beloften	10799	421427320	78.7238
600	10795	421438115	78.7259
zwijgen	10786	421448901	78.7279
gevangen	10784	421459685	78.7299
zwak	10783	421470468	78.7319
samenwerken	10771	421481239	78.7339
streven	10767	421492006	78.7359
omvang	10759	421502765	78.7379
weigeren	10755	421513520	78.7399
Bos	10750	421524270	78.742
jongeman	10743	421535013	78.744
82	10739	421545752	78.746
erkend	10737	421556489	78.748
ideaal	10734	421567223	78.75
Amerikaans	10729	421577952	78.752
domein	10728	421588680	78.754
Zes	10726	421599406	78.756
BBC	10721	421610127	78.758
vers	10715	421620842	78.76
Goede	10714	421631556	78.762
ontvangt	10714	421642270	78.764
fruit	10711	421652981	78.766
scherm	10711	421663692	78.768
vertraging	10711	421674403	78.77
Azië	10706	421685109	78.772
meedoen	10704	421695813	78.774
scenario	10702	421706515	78.776
aanvaarden	10696	421717211	78.778
bedreigd	10692	421727903	78.78
vakbond	10692	421738595	78.782
figuur	10691	421749286	78.784
from	10690	421759976	78.786
Marokko	10686	421770662	78.788
Sarah	10682	421781344	78.79
bende	10681	421792025	78.792
mobiele	10681	421802706	78.794
uitzending	10681	421813387	78.796
Sam	10679	421824066	78.798
belooft	10677	421834743	78.7999
agent	10675	421845418	78.8019
argumenten	10674	421856092	78.8039
slaagde	10673	421866765	78.8059
vriendelijk	10671	421877436	78.8079
Christus	10670	421888106	78.8099
Ita	10668	421898774	78.8119
elftal	10665	421909439	78.8139
wetenschappelijk	10662	421920101	78.8159
ce	10660	421930761	78.8179
hierbij	10655	421941416	78.8199
zwemmen	10647	421952063	78.8219
oplossingen	10645	421962708	78.8239
veranderingen	10642	421973350	78.8258
fenomeen	10638	421983988	78.8278
rollen	10637	421994625	78.8298
64	10634	422005259	78.8318
63	10631	422015890	78.8338
nul	10631	422026521	78.8358
1,5	10630	422037151	78.8378
bondscoach	10630	422047781	78.8397
Racing	10626	422058407	78.8417
bewegen	10626	422069033	78.8437
oplossen	10623	422079656	78.8457
betaalde	10622	422090278	78.8477
Blair	10621	422100899	78.8497
actieve	10621	422111520	78.8517
stuurt	10620	422122140	78.8536
lezers	10617	422132757	78.8556
Alexander	10608	422143365	78.8576
VK	10607	422153972	78.8596
euh	10607	422164579	78.8616
literaire	10607	422175186	78.8635
belachelijk	10606	422185792	78.8655
diezelfde	10596	422196388	78.8675
uitgenodigd	10592	422206980	78.8695
bad	10591	422217571	78.8715
FreeStyle	10590	422228161	78.8734
Groot	10590	422238751	78.8754
gulden	10579	422249330	78.8774
wiens	10577	422259907	78.8794
latere	10575	422270482	78.8813
Koninklijke	10574	422281056	78.8833
wb	10567	422291623	78.8853
Woensdag	10565	422302188	78.8873
aanzienlijk	10564	422312752	78.8892
Gouden	10557	422323309	78.8912
Los	10554	422333863	78.8932
aangewezen	10554	422344417	78.8952
tocht	10551	422354968	78.8971
hersteld	10546	422365514	78.8991
meegenomen	10535	422376049	78.9011
Studio	10532	422386581	78.903
mja	10531	422397112	78.905
Enkel	10529	422407641	78.907
Wacht	10526	422418167	78.9089
aanvragen	10524	422428691	78.9109
goals	10522	422439213	78.9129
kijker	10519	422449732	78.9148
verloopt	10512	422460244	78.9168
beschreven	10509	422470753	78.9188
modellen	10507	422481260	78.9207
medewerker	10504	422491764	78.9227
Blijkbaar	10502	422502266	78.9246
verslaggever	10502	422512768	78.9266
Oranje	10500	422523268	78.9286
Maxima	10490	422533758	78.9305
aanvallen	10470	422544228	78.9325
poëzie	10469	422554697	78.9344
opleveren	10467	422565164	78.9364
methode	10459	422575623	78.9383
Davy	10457	422586080	78.9403
1985	10455	422596535	78.9423
Opel	10455	422606990	78.9442
aanpassen	10455	422617445	78.9462
Da	10453	422627898	78.9481
gemeentelijke	10447	422638345	78.9501
bewijst	10446	422648791	78.952
lege	10445	422659236	78.954
Sint-Truiden	10444	422669680	78.9559
State	10441	422680121	78.9579
initiatieven	10441	422690562	78.9598
Marie	10432	422700994	78.9618
landschap	10431	422711425	78.9637
voerde	10430	422721855	78.9657
draaide	10427	422732282	78.9676
kampioenschap	10425	422742707	78.9696
argument	10424	422753131	78.9715
veroorzaken	10424	422763555	78.9735
pauze	10423	422773978	78.9754
verdiende	10422	422784400	78.9773
Park	10421	422794821	78.9793
staatshervorming	10420	422805241	78.9812
stress	10413	422815654	78.9832
pure	10411	422826065	78.9851
Mohammed	10410	422836475	78.9871
onzin	10410	422846885	78.989
moeders	10405	422857290	78.991
ergste	10397	422867687	78.9929
tweemaal	10397	422878084	78.9948
gt	10396	422888480	78.9968
noodzaak	10390	422898870	78.9987
administratieve	10384	422909254	79.0007
koude	10382	422919636	79.0026
acteurs	10381	422930017	79.0045
hierover	10381	422940398	79.0065
college	10379	422950777	79.0084
regelen	10372	422961149	79.0104
ier	10366	422971515	79.0123
revolutie	10366	422981881	79.0142
verborgen	10365	422992246	79.0162
Juist	10363	423002609	79.0181
Leuvense	10356	423012965	79.02
schouders	10356	423023321	79.022
laatst	10352	423033673	79.0239
schitterende	10352	423044025	79.0258
Halle	10344	423054369	79.0278
asielzoekers	10342	423064711	79.0297
succesvolle	10334	423075045	79.0316
doelstellingen	10333	423085378	79.0336
onderscheid	10330	423095708	79.0355
dame	10326	423106034	79.0374
drank	10324	423116358	79.0394
perfecte	10324	423126682	79.0413
Jeruzalem	10322	423137004	79.0432
woon	10322	423147326	79.0451
drukke	10316	423157642	79.0471
recent	10316	423167958	79.049
achtste	10314	423178272	79.0509
Rudy	10308	423188580	79.0528
massa	10307	423198887	79.0548
Belgacom	10305	423209192	79.0567
gevoelig	10298	423219490	79.0586
militair	10293	423229783	79.0605
Wellicht	10291	423240074	79.0625
staatssecretaris	10290	423250364	79.0644
eindigt	10285	423260649	79.0663
Eva	10283	423270932	79.0682
Prijs	10283	423281215	79.0702
tanden	10279	423291494	79.0721
vrijwilligers	10279	423301773	79.074
streng	10276	423312049	79.0759
bergen	10275	423322324	79.0778
steen	10274	423332598	79.0798
vrachtwagens	10272	423342870	79.0817
Sint	10268	423353138	79.0836
mensenrechten	10263	423363401	79.0855
FM	10262	423373663	79.0874
ontkent	10260	423383923	79.0893
dialoog	10259	423394182	79.0913
liberalen	10258	423404440	79.0932
wetenschappers	10258	423414698	79.0951
ondernemers	10257	423424955	79.097
temperatuur	10252	423435207	79.0989
Nochtans	10250	423445457	79.1008
sprong	10250	423455707	79.1027
ex	10248	423465955	79.1047
sex	10247	423476202	79.1066
sectoren	10244	423486446	79.1085
95	10242	423496688	79.1104
beker	10241	423506929	79.1123
produceren	10241	423517170	79.1142
onderhandelen	10237	423527407	79.1161
Vervolgens	10234	423537641	79.1181
mail	10231	423547872	79.12
78	10230	423558102	79.1219
degene	10229	423568331	79.1238
bestemd	10228	423578559	79.1257
socialisten	10218	423588777	79.1276
Stichting	10213	423598990	79.1295
verslagen	10213	423609203	79.1314
Athene	10212	423619415	79.1333
volwassenen	10212	423629627	79.1352
ertoe	10207	423639834	79.1371
incident	10207	423650041	79.1391
uitzicht	10207	423660248	79.141
59	10201	423670449	79.1429
aanvraag	10194	423680643	79.1448
meldde	10193	423690836	79.1467
1986	10191	423701027	79.1486
pogingen	10191	423711218	79.1505
kamers	10190	423721408	79.1524
Allemaal	10186	423731594	79.1543
Christian	10183	423741777	79.1562
thema's	10181	423751958	79.1581
gemeenschappelijk	10177	423762135	79.16
Vilvoorde	10172	423772307	79.1619
West	10168	423782475	79.1638
Ali	10155	423792630	79.1657
verdween	10148	423802778	79.1676
so	10146	423812924	79.1695
tekende	10143	423823067	79.1714
schilderijen	10141	423833208	79.1733
dronken	10137	423843345	79.1752
toegeven	10131	423853476	79.1771
Torhout	10129	423863605	79.1789
Big	10128	423873733	79.1808
Defensie	10128	423883861	79.1827
pand	10127	423893988	79.1846
goedkoop	10123	423904111	79.1865
inflatie	10123	423914234	79.1884
weigerde	10122	423924356	79.1903
knappe	10112	423934468	79.1922
besteed	10110	423944578	79.1941
verrast	10110	423954688	79.196
NIET	10108	423964796	79.1978
zoektocht	10104	423974900	79.1997
Tongeren	10103	423985003	79.2016
beurzen	10103	423995106	79.2035
gered	10102	424005208	79.2054
ou	10097	424015305	79.2073
ouderen	10097	424025402	79.2092
bevinden	10093	424035495	79.2111
cursus	10092	424045587	79.2129
puur	10091	424055678	79.2148
Hebben	10089	424065767	79.2167
Amerikaan	10079	424075846	79.2186
aangepakt	10078	424085924	79.2205
hoofdstuk	10077	424096001	79.2224
aanpassing	10071	424106072	79.2242
R	10067	424116139	79.2261
gestorven	10067	424126206	79.228
méér	10059	424136265	79.2299
overlijden	10058	424146323	79.2318
Kort	10056	424156379	79.2336
daartoe	10048	424166427	79.2355
PSV	10044	424176471	79.2374
criteria	10040	424186511	79.2393
investering	10036	424196547	79.2411
verblijf	10035	424206582	79.243
CVP	10030	424216612	79.2449
glazen	10030	424226642	79.2468
topman	10029	424236671	79.2486
Deinze	10028	424246699	79.2505
aub	10019	424256718	79.2524
software	10018	424266736	79.2543
plaatsvinden	10013	424276749	79.2561
Media	10010	424286759	79.258
bevestigen	10007	424296766	79.2599
echtgenoot	10003	424306769	79.2617
regio's	10003	424316772	79.2636
treffen	9996	424326768	79.2655
verrassend	9996	424336764	79.2673
Ierland	9990	424346754	79.2692
keerde	9987	424356741	79.2711
aspecten	9985	424366726	79.2729
miyanna	9984	424376710	79.2748
opmerking	9984	424386694	79.2767
genre	9981	424396675	79.2785
$	9980	424406655	79.2804
landelijke	9978	424416633	79.2823
referendum	9974	424426607	79.2841
belga	9971	424436578	79.286
Frederik	9970	424446548	79.2878
kast	9969	424456517	79.2897
écht	9968	424466485	79.2916
sindsdien	9967	424476452	79.2934
Centraal	9966	424486418	79.2953
ronden	9963	424496381	79.2971
versterken	9961	424506342	79.299
OP	9960	424516302	79.3009
Prins	9960	424526262	79.3027
verdriet	9959	424536221	79.3046
centimeter	9958	424546179	79.3065
leed	9958	424556137	79.3083
gebeld	9954	424566091	79.3102
miste	9948	424576039	79.312
afkomst	9942	424585981	79.3139
gestoken	9941	424595922	79.3157
najaar	9938	424605860	79.3176
staken	9938	424615798	79.3195
louter	9936	424625734	79.3213
aanpakken	9933	424635667	79.3232
vroegen	9929	424645596	79.325
Zee	9928	424655524	79.3269
woede	9928	424665452	79.3287
Waarschijnlijk	9927	424675379	79.3306
vijand	9921	424685300	79.3324
treinen	9920	424695220	79.3343
voeding	9918	424705138	79.3361
Jurgen	9913	424715051	79.338
Gucht	9909	424724960	79.3398
complex	9909	424734869	79.3417
Voorlopig	9904	424744773	79.3436
aangetroffen	9903	424754676	79.3454
bedoelt	9902	424764578	79.3472
Kleine	9898	424774476	79.3491
single	9892	424784368	79.3509
87	9878	424794246	79.3528
middenvelder	9878	424804124	79.3546
Claes	9876	424814000	79.3565
gegeten	9876	424823876	79.3583
merkte	9874	424833750	79.3602
paarden	9873	424843623	79.362
netjes	9872	424853495	79.3639
langere	9869	424863364	79.3657
forse	9867	424873231	79.3675
rock	9863	424883094	79.3694
dé	9858	424892952	79.3712
versterkt	9858	424902810	79.3731
ster	9855	424912665	79.3749
1982	9851	424922516	79.3768
kussen	9849	424932365	79.3786
Hitler	9843	424942208	79.3804
kg	9843	424952051	79.3823
Damme	9839	424961890	79.3841
Gerard	9839	424971729	79.3859
und	9838	424981567	79.3878
merkt	9834	424991401	79.3896
Jack	9833	425001234	79.3915
paniek	9829	425011063	79.3933
meesten	9828	425020891	79.3951
voordien	9824	425030715	79.397
zodanig	9824	425040539	79.3988
kerel	9822	425050361	79.4006
wettelijke	9815	425060176	79.4025
Brugse	9814	425069990	79.4043
aangegeven	9814	425079804	79.4061
Nick	9813	425089617	79.408
61	9812	425099429	79.4098
bestemming	9812	425109241	79.4116
levende	9812	425119053	79.4135
lk	9811	425128864	79.4153
88	9810	425138674	79.4171
gearresteerd	9810	425148484	79.419
groetjes	9810	425158294	79.4208
Donderdag	9800	425168094	79.4226
wandelen	9800	425177894	79.4245
allicht	9798	425187692	79.4263
feestje	9797	425197489	79.4281
cent	9796	425207285	79.4299
weigert	9795	425217080	79.4318
Slechts	9794	425226874	79.4336
deelname	9790	425236664	79.4354
2de	9781	425246445	79.4373
missie	9780	425256225	79.4391
Stefan	9776	425266001	79.4409
zelfde	9774	425275775	79.4427
alternatieve	9771	425285546	79.4446
dichtbij	9770	425295316	79.4464
Sociale	9768	425305084	79.4482
goedkope	9760	425314844	79.45
luister	9760	425324604	79.4519
vertrok	9760	425334364	79.4537
dln	9758	425344122	79.4555
enquête	9754	425353876	79.4573
arbeidsmarkt	9753	425363629	79.4592
uitgezonden	9753	425373382	79.461
Normaal	9752	425383134	79.4628
ijs	9746	425392880	79.4646
benadrukt	9742	425402622	79.4664
gedaald	9742	425412364	79.4683
bel	9740	425422104	79.4701
thx	9740	425431844	79.4719
Dexia	9739	425441583	79.4737
impact	9734	425451317	79.4755
Feyenoord	9733	425461050	79.4774
verwerken	9732	425470782	79.4792
voorstander	9732	425480514	79.481
seksuele	9730	425490244	79.4828
Lekker	9725	425499969	79.4846
gepraat	9714	425509683	79.4864
strenge	9712	425519395	79.4883
groenten	9710	425529105	79.4901
infrastructuur	9705	425538810	79.4919
behandelen	9703	425548513	79.4937
L.	9700	425558213	79.4955
von	9699	425567912	79.4973
decennia	9698	425577610	79.4991
vanochtend	9692	425587302	79.5009
allochtone	9690	425596992	79.5027
plein	9684	425606676	79.5046
vet	9683	425616359	79.5064
Anne	9682	425626041	79.5082
tijdschrift	9680	425635721	79.51
gezorgd	9679	425645400	79.5118
Euh	9676	425655076	79.5136
advocaten	9672	425664748	79.5154
uniek	9668	425674416	79.5172
generaal	9663	425684079	79.519
vergunning	9663	425693742	79.5208
W.	9661	425703403	79.5226
bijeenkomst	9660	425713063	79.5244
herinneringen	9660	425722723	79.5262
misbruik	9660	425732383	79.528
strafschop	9659	425742042	79.5298
schoonheid	9658	425751700	79.5316
concurrent	9657	425761357	79.5335
symbool	9655	425771012	79.5353
Gewest	9654	425780666	79.5371
vissen	9654	425790320	79.5389
scoort	9650	425799970	79.5407
tegemoet	9649	425809619	79.5425
76	9647	425819266	79.5443
Gert	9647	425828913	79.5461
gehele	9645	425838558	79.5479
73	9640	425848198	79.5497
ontmoeting	9636	425857834	79.5515
sportieve	9634	425867468	79.5533
84	9632	425877100	79.5551
bond	9632	425886732	79.5569
nauw	9629	425896361	79.5587
77	9624	425905985	79.5605
gras	9624	425915609	79.5623
Komt	9623	425925232	79.5641
Jean-Pierre	9620	425934852	79.5659
zonen	9619	425944471	79.5677
beloofde	9618	425954089	79.5695
Zweedse	9616	425963705	79.5713
Precies	9611	425973316	79.573
gram	9611	425982927	79.5748
Nys	9602	425992529	79.5766
Vlaming	9601	426002130	79.5784
hopelijk	9592	426011722	79.5802
verzamelen	9587	426021309	79.582
Air	9586	426030895	79.5838
mor	9585	426040480	79.5856
ontbreken	9582	426050062	79.5874
boel	9581	426059643	79.5892
schatting	9578	426069221	79.591
zachte	9577	426078798	79.5927
Alain	9576	426088374	79.5945
sont	9576	426097950	79.5963
avec	9573	426107523	79.5981
promotie	9567	426117090	79.5999
concurrenten	9565	426126655	79.6017
comité	9559	426136214	79.6035
Ivan	9558	426145772	79.6053
800	9555	426155327	79.607
seconde	9552	426164879	79.6088
enz.	9546	426174425	79.6106
beschouwen	9545	426183970	79.6124
geroepen	9544	426193514	79.6142
topper	9543	426203057	79.616
ikke	9542	426212599	79.6177
toegelaten	9523	426222122	79.6195
eieren	9520	426231642	79.6213
Il	9518	426241160	79.6231
filosofie	9516	426250676	79.6249
81	9511	426260187	79.6266
bleken	9511	426269698	79.6284
verbinding	9508	426279206	79.6302
President	9502	426288708	79.632
asl	9500	426298208	79.6337
gevormd	9500	426307708	79.6355
nadruk	9497	426317205	79.6373
opzet	9497	426326702	79.6391
US	9491	426336193	79.6408
studio	9491	426345684	79.6426
muzikale	9483	426355167	79.6444
omgaan	9483	426364650	79.6461
rendement	9483	426374133	79.6479
plat	9482	426383615	79.6497
My	9480	426393095	79.6515
Actueel	9478	426402573	79.6532
dochters	9467	426412040	79.655
voornaamste	9467	426421507	79.6568
100.000	9463	426430970	79.6585
vinger	9460	426440430	79.6603
haalden	9459	426449889	79.6621
schadevergoeding	9459	426459348	79.6638
time	9459	426468807	79.6656
illegaal	9456	426478263	79.6674
Bree	9455	426487718	79.6691
vat	9455	426497173	79.6709
son	9451	426506624	79.6727
vertegenwoordigers	9450	426516074	79.6744
goedkeuring	9447	426525521	79.6762
springt	9444	426534965	79.678
wonnen	9444	426544409	79.6797
kijkers	9443	426553852	79.6815
heden	9440	426563292	79.6833
probeerden	9440	426572732	79.685
hoogtepunt	9439	426582171	79.6868
schulden	9436	426591607	79.6885
student	9436	426601043	79.6903
opgeroepen	9431	426610474	79.6921
steunt	9427	426619901	79.6938
69	9426	426629327	79.6956
heerst	9425	426638752	79.6974
mode	9420	426648172	79.6991
hersenen	9418	426657590	79.7009
gebleken	9414	426667004	79.7026
toegankelijk	9414	426676418	79.7044
kaas	9413	426685831	79.7061
opgebouwd	9405	426695236	79.7079
pot	9401	426704637	79.7097
Internationale	9399	426714036	79.7114
Maastricht	9398	426723434	79.7132
degenen	9397	426732831	79.7149
cc	9395	426742226	79.7167
vereist	9395	426751621	79.7184
pagina's	9393	426761014	79.7202
klappen	9392	426770406	79.7219
durf	9391	426779797	79.7237
fonds	9387	426789184	79.7255
vreest	9385	426798569	79.7272
gene	9384	426807953	79.729
74	9383	426817336	79.7307
aangelegd	9380	426826716	79.7325
Vanden	9378	426836094	79.7342
bussen	9376	426845470	79.736
geduld	9365	426854835	79.7377
vastgelegd	9365	426864200	79.7395
rare	9364	426873564	79.7412
versloeg	9364	426882928	79.743
menselijk	9360	426892288	79.7447
Hermans	9359	426901647	79.7465
Joe	9357	426911004	79.7482
financiering	9351	426920355	79.75
eeuwen	9349	426929704	79.7517
sterkste	9349	426939053	79.7534
omgekeerd	9347	426948400	79.7552
vergoeding	9344	426957744	79.7569
Williams	9343	426967087	79.7587
2e	9338	426976425	79.7604
uitgegeven	9338	426985763	79.7622
architect	9335	426995098	79.7639
Mike	9332	427004430	79.7657
praktische	9330	427013760	79.7674
elektriciteit	9328	427023088	79.7691
verwerkt	9325	427032413	79.7709
balans	9324	427041737	79.7726
verwijst	9324	427051061	79.7744
berg	9313	427060374	79.7761
leerkrachten	9312	427069686	79.7779
formule	9305	427078991	79.7796
mannelijke	9305	427088296	79.7813
vliegtuigen	9299	427097595	79.7831
leraar	9289	427106884	79.7848
bedenken	9281	427116165	79.7865
Bill	9279	427125444	79.7883
opvang	9272	427134716	79.79
Partij	9270	427143986	79.7917
gepubliceerd	9262	427153248	79.7935
Aangezien	9261	427162509	79.7952
voorkomt	9252	427171761	79.7969
Stefaan	9248	427181009	79.7986
etc.	9248	427190257	79.8004
evenement	9248	427199505	79.8021
omvat	9248	427208753	79.8038
gedicht	9247	427218000	79.8056
schrijvers	9246	427227246	79.8073
Philip	9237	427236483	79.809
zand	9236	427245719	79.8107
opstellen	9232	427254951	79.8125
Clinton	9228	427264179	79.8142
schuiven	9227	427273406	79.8159
personages	9221	427282627	79.8176
Bagdad	9220	427291847	79.8194
optredens	9220	427301067	79.8211
onderzoekt	9216	427310283	79.8228
plastic	9208	427319491	79.8245
vaststellen	9204	427328695	79.8262
h	9202	427337897	79.828
jah	9201	427347098	79.8297
Xavier	9200	427356298	79.8314
corruptie	9198	427365496	79.8331
gedichten	9193	427374689	79.8348
19.30	9187	427383876	79.8365
kanker	9186	427393062	79.8383
administratie	9185	427402247	79.84
VV	9182	427411429	79.8417
ontmoeten	9181	427420610	79.8434
Denemarken	9179	427429789	79.8451
Hoge	9178	427438967	79.8468
solidariteit	9173	427448140	79.8485
toenemende	9173	427457313	79.8503
slim	9170	427466483	79.852
spullen	9170	427475653	79.8537
zwangerschap	9168	427484821	79.8554
eindronde	9166	427493987	79.8571
William	9163	427503150	79.8588
invoer	9163	427512313	79.8605
K.	9160	427521473	79.8622
daalde	9158	427530631	79.864
getekend	9151	427539782	79.8657
tranen	9149	427548931	79.8674
reizigers	9147	427558078	79.8691
opgezet	9144	427567222	79.8708
Dinsdag	9142	427576364	79.8725
vervolg	9141	427585505	79.8742
Freddy	9140	427594645	79.8759
storm	9138	427603783	79.8776
or	9136	427612919	79.8793
like	9134	427622053	79.881
Internationaal	9131	427631184	79.8827
gestemd	9131	427640315	79.8844
Servië	9128	427649443	79.8862
Werken	9127	427658570	79.8879
effecten	9126	427667696	79.8896
bedrijfsleven	9123	427676819	79.8913
71	9122	427685941	79.893
ontsnappen	9115	427695056	79.8947
opmerkingen	9115	427704171	79.8964
bestrijden	9109	427713280	79.8981
arbeid	9108	427722388	79.8998
kennelijk	9107	427731495	79.9015
gezondheidszorg	9104	427740599	79.9032
wonder	9101	427749700	79.9049
Trainer	9100	427758800	79.9066
vergeleken	9100	427767900	79.9083
onduidelijk	9099	427776999	79.91
laatstelijk	9098	427786097	79.9117
Bernard	9093	427795190	79.9134
factoren	9085	427804275	79.9151
NL	9083	427813358	79.9168
S	9081	427822439	79.9185
oefenen	9078	427831517	79.9202
conclusies	9076	427840593	79.9219
Onderwijs	9075	427849668	79.9236
Mario	9073	427858741	79.9252
gouverneur	9070	427867811	79.9269
aux	9069	427876880	79.9286
moeilijkheden	9069	427885949	79.9303
ontdekte	9068	427895017	79.932
Jones	9067	427904084	79.9337
nogmaals	9065	427913149	79.9354
Holland	9061	427922210	79.9371
Sindsdien	9056	427931266	79.9388
succesvol	9056	427940322	79.9405
boekje	9055	427949377	79.9422
parcours	9054	427958431	79.9439
Servische	9053	427967484	79.9456
gebruikers	9052	427976536	79.9473
1970	9048	427985584	79.9489
Dehaene	9048	427994632	79.9506
vrijgelaten	9048	428003680	79.9523
typische	9045	428012725	79.954
luxe	9044	428021769	79.9557
harder	9041	428030810	79.9574
tof	9040	428039850	79.9591
Gedaan	9037	428048887	79.9608
Korte	9029	428057916	79.9625
redacteuren	9023	428066939	79.9641
Rock	9022	428075961	79.9658
ha	9022	428084983	79.9675
prinses	9022	428094005	79.9692
plegen	9016	428103021	79.9709
provincies	9014	428112035	79.9726
beschermd	9012	428121047	79.9742
hoogleraar	9012	428130059	79.9759
bak	9010	428139069	79.9776
Eindelijk	8992	428148061	79.9793
oorspronkelijk	8991	428157052	79.981
maatschappelijk	8990	428166042	79.9827
Brandend	8985	428175027	79.9843
straffen	8983	428184010	79.986
one	8982	428192992	79.9877
Goossens	8973	428201965	79.9894
Joris	8973	428210938	79.991
besteden	8970	428219908	79.9927
kusje	8970	428228878	79.9944
vruchten	8970	428237848	79.9961
inzetten	8969	428246817	79.9977
belofte	8968	428255785	79.9994
Lange	8965	428264750	80.0011
Vereniging	8962	428273712	80.0028
Wilders	8961	428282673	80.0044
Carl	8959	428291632	80.0061
rondom	8959	428300591	80.0078
Andy	8958	428309549	80.0095
Canvas	8955	428318504	80.0111
Ardennen	8947	428327451	80.0128
verschrikkelijk	8947	428336398	80.0145
rijbewijs	8946	428345344	80.0161
speel	8939	428354283	80.0178
overtuiging	8938	428363221	80.0195
geheugen	8935	428372156	80.0212
grijpen	8935	428381091	80.0228
gemeentehuis	8932	428390023	80.0245
ontkennen	8929	428398952	80.0262
emoties	8917	428407869	80.0278
fysieke	8915	428416784	80.0295
Vandenbroucke	8914	428425698	80.0312
bom	8914	428434612	80.0328
held	8913	428443525	80.0345
cliënt	8912	428452437	80.0362
consumenten	8911	428461348	80.0378
Nicolas	8908	428470256	80.0395
achteruit	8907	428479163	80.0411
plekken	8904	428488067	80.0428
kiezer	8903	428496970	80.0445
Succes	8902	428505872	80.0461
onbekend	8900	428514772	80.0478
François	8895	428523667	80.0495
gevangenisstraf	8895	428532562	80.0511
koersen	8894	428541456	80.0528
meid	8891	428550347	80.0544
stadhuis	8891	428559238	80.0561
richtte	8889	428568127	80.0578
blok	8888	428577015	80.0594
failliet	8888	428585903	80.0611
verbaasd	8887	428594790	80.0627
afwachten	8882	428603672	80.0644
profiteren	8879	428612551	80.0661
1984	8866	428621417	80.0677
^	8861	428630278	80.0694
domme	8861	428639139	80.071
gezag	8856	428647995	80.0727
hectare	8850	428656845	80.0743
Prov.	8847	428665692	80.076
medicijnen	8845	428674537	80.0776
instrument	8842	428683379	80.0793
service	8839	428692218	80.0809
Peking	8838	428701056	80.0826
afgerond	8837	428709893	80.0842
kondigde	8830	428718723	80.0859
camera's	8829	428727552	80.0875
document	8829	428736381	80.0892
totdat	8827	428745208	80.0908
kostte	8821	428754029	80.0925
Knack	8810	428762839	80.0941
Midden-Oosten	8807	428771646	80.0958
color	8805	428780451	80.0974
uitzonderlijk	8804	428789255	80.0991
voorzitterschap	8804	428798059	80.1007
weekeinde	8803	428806862	80.1024
organisatoren	8791	428815653	80.104
schaduw	8788	428824441	80.1056
Group	8786	428833227	80.1073
Externe	8784	428842011	80.1089
Kerk	8784	428850795	80.1106
Georges	8780	428859575	80.1122
Wilde	8779	428868354	80.1138
T	8777	428877131	80.1155
auteurs	8772	428885903	80.1171
hoeveelheden	8771	428894674	80.1188
vanop	8771	428903445	80.1204
zoveelste	8771	428912216	80.122
Kortom	8768	428920984	80.1237
verlaat	8768	428929752	80.1253
Ken	8766	428938518	80.127
ontworpen	8763	428947281	80.1286
Spaans	8762	428956043	80.1302
voorziet	8761	428964804	80.1319
Thijs	8759	428973563	80.1335
José	8758	428982321	80.1351
lonen	8758	428991079	80.1368
Verenigd	8751	428999830	80.1384
verminderen	8746	429008576	80.14
teams	8743	429017319	80.1417
sloegen	8742	429026061	80.1433
verse	8742	429034803	80.1449
discriminatie	8738	429043541	80.1466
functioneren	8731	429052272	80.1482
know	8728	429061000	80.1498
goal	8724	429069724	80.1515
saai	8724	429078448	80.1531
Anna	8722	429087170	80.1547
herinnering	8720	429095890	80.1564
vreselijk	8720	429104610	80.158
verwachting	8719	429113329	80.1596
keizer	8718	429122047	80.1612
ondersteuning	8717	429130764	80.1629
situaties	8715	429139479	80.1645
dien	8712	429148191	80.1661
dreigen	8709	429156900	80.1677
getoond	8708	429165608	80.1694
aanvaard	8706	429174314	80.171
Eens	8705	429183019	80.1726
voorbereid	8704	429191723	80.1743
ramen	8703	429200426	80.1759
Vorst	8702	429209128	80.1775
Sofie	8698	429217826	80.1791
uitgebreide	8698	429226524	80.1808
86	8697	429235221	80.1824
oke	8695	429243916	80.184
spijtig	8691	429252607	80.1856
verlangen	8690	429261297	80.1872
families	8686	429269983	80.1889
harte	8686	429278669	80.1905
hervorming	8678	429287347	80.1921
ellende	8676	429296023	80.1937
spreek	8674	429304697	80.1954
herinner	8672	429313369	80.197
Jozef	8670	429322039	80.1986
borst	8668	429330707	80.2002
lening	8667	429339374	80.2018
jonger	8666	429348040	80.2035
eindigen	8662	429356702	80.2051
slaagt	8658	429365360	80.2067
personeelsleden	8655	429374015	80.2083
Voorts	8651	429382666	80.2099
C7/intro	8645	429391311	80.2115
Inmiddels	8643	429399954	80.2132
handelen	8640	429408594	80.2148
toeristische	8636	429417230	80.2164
14.30	8632	429425862	80.218
1e	8632	429434494	80.2196
Welkom	8630	429443124	80.2212
Pascal	8623	429451747	80.2228
toeschouwers	8623	429460370	80.2244
minimum	8618	429468988	80.226
ontwerpen	8615	429477603	80.2277
opgelopen	8615	429486218	80.2293
Spirit	8613	429494831	80.2309
bezorgd	8607	429503438	80.2325
tiende	8605	429512043	80.2341
vanzelfsprekend	8598	429520641	80.2357
hing	8596	429529237	80.2373
onderhouden	8595	429537832	80.2389
fysiek	8594	429546426	80.2405
garage	8594	429555020	80.2421
Star	8593	429563613	80.2437
burgerlijke	8591	429572204	80.2453
beleven	8589	429580793	80.2469
zaterdagavond	8586	429589379	80.2485
code	8583	429597962	80.2501
computers	8576	429606538	80.2517
bewaard	8572	429615110	80.2533
producent	8571	429623681	80.2549
belde	8568	429632249	80.2565
zelfstandig	8562	429640811	80.2581
Werner	8557	429649368	80.2597
but	8556	429657924	80.2613
kanaal	8555	429666479	80.2629
regeringen	8553	429675032	80.2645
sluiting	8552	429683584	80.2661
Fransman	8549	429692133	80.2677
benoemd	8548	429700681	80.2693
zot	8548	429709229	80.2709
restaurants	8546	429717775	80.2725
kerken	8545	429726320	80.2741
percentage	8541	429734861	80.2757
nut	8540	429743401	80.2773
circa	8539	429751940	80.2789
Hamme	8537	429760477	80.2805
terugkeren	8537	429769014	80.2821
blessure	8532	429777546	80.2837
groeiende	8532	429786078	80.2853
83	8527	429794605	80.2869
Hendrik	8524	429803129	80.2885
morele	8523	429811652	80.2901
cijfer	8517	429820169	80.2916
alleszins	8515	429828684	80.2932
dwingen	8515	429837199	80.2948
Hamas	8512	429845711	80.2964
mislukte	8512	429854223	80.298
IS	8510	429862733	80.2996
ontwikkelde	8505	429871238	80.3012
volkomen	8505	429879743	80.3028
verklaringen	8503	429888246	80.3044
figuren	8501	429896747	80.306
procedures	8497	429905244	80.3075
Lier	8496	429913740	80.3091
schitterend	8495	429922235	80.3107
onderzoeksrechter	8494	429930729	80.3123
Times	8490	429939219	80.3139
geur	8490	429947709	80.3155
nuttig	8489	429956198	80.3171
ontbijt	8485	429964683	80.3186
zever	8484	429973167	80.3202
zelfstandige	8482	429981649	80.3218
Menen	8481	429990130	80.3234
cadeau	8481	429998611	80.325
Mogelijk	8480	430007091	80.3266
1975	8479	430015570	80.3282
veranderde	8479	430024049	80.3297
rusten	8477	430032526	80.3313
almaar	8476	430041002	80.3329
klok	8474	430049476	80.3345
scherpe	8471	430057947	80.3361
1976	8466	430066413	80.3376
09	8465	430074878	80.3392
chaos	8462	430083340	80.3408
verbieden	8462	430091802	80.3424
Union	8451	430100253	80.344
herkennen	8451	430108704	80.3455
wild	8451	430117155	80.3471
presentatie	8450	430125605	80.3487
stelden	8449	430134054	80.3503
toegekend	8445	430142499	80.3519
Eindhoven	8443	430150942	80.3534
Lieve	8442	430159384	80.355
werkten	8442	430167826	80.3566
tent	8441	430176267	80.3582
gelijkspel	8438	430184705	80.3597
Daniel	8436	430193141	80.3613
aankomst	8435	430201576	80.3629
vooraleer	8427	430210003	80.3645
drukte	8424	430218427	80.366
Nijmegen	8421	430226848	80.3676
eerdere	8421	430235269	80.3692
omgekomen	8417	430243686	80.3708
Alsof	8415	430252101	80.3723
Oost-Vlaanderen	8409	430260510	80.3739
raden	8408	430268918	80.3755
Dr.	8405	430277323	80.377
Ned	8405	430285728	80.3786
althans	8402	430294130	80.3802
Twitter	8401	430302531	80.3818
bedroeg	8398	430310929	80.3833
Hotel	8397	430319326	80.3849
schepencollege	8394	430327720	80.3865
EUROPESE	8392	430336112	80.388
munt	8391	430344503	80.3896
Groep	8390	430352893	80.3912
T.	8388	430361281	80.3927
behulp	8388	430369669	80.3943
vertel	8384	430378053	80.3959
onderscheiden	8381	430386434	80.3974
defensie	8380	430394814	80.399
besproken	8376	430403190	80.4006
correctionele	8376	430411566	80.4021
mededeling	8374	430419940	80.4037
bespreken	8371	430428311	80.4053
binnenlandse	8370	430436681	80.4068
kenmerken	8368	430445049	80.4084
enerzijds	8367	430453416	80.4099
89	8365	430461781	80.4115
amai	8363	430470144	80.4131
will	8363	430478507	80.4146
commercieel	8360	430486867	80.4162
Opvallend	8359	430495226	80.4178
DOOR	8356	430503582	80.4193
functies	8344	430511926	80.4209
pech	8343	430520269	80.4224
proef	8343	430528612	80.424
stimuleren	8341	430536953	80.4255
passie	8340	430545293	80.4271
droge	8339	430553632	80.4287
Joseph	8334	430561966	80.4302
opkomst	8333	430570299	80.4318
voorlopige	8331	430578630	80.4333
leefde	8326	430586956	80.4349
???	8324	430595280	80.4364
Hilde	8324	430603604	80.438
studeerde	8316	430611920	80.4396
kritische	8309	430620229	80.4411
raak	8308	430628537	80.4427
verloop	8308	430636845	80.4442
bereikte	8307	430645152	80.4458
Temse	8306	430653458	80.4473
aantrekkelijk	8305	430661763	80.4489
congres	8305	430670068	80.4504
contracten	8305	430678373	80.452
paal	8298	430686671	80.4535
speeldag	8297	430694968	80.4551
chemische	8295	430703263	80.4566
duurzame	8293	430711556	80.4582
Lid-Staat	8290	430719846	80.4597
opdrachten	8290	430728136	80.4613
suiker	8289	430736425	80.4628
premie	8288	430744713	80.4644
Vrije	8287	430753000	80.4659
1974	8284	430761284	80.4675
:$	8283	430769567	80.469
Staat	8281	430777848	80.4705
verricht	8281	430786129	80.4721
zozeer	8280	430794409	80.4736
beu	8277	430802686	80.4752
diploma	8276	430810962	80.4767
Grand	8274	430819236	80.4783
Per	8270	430827506	80.4798
Bosch	8269	430835775	80.4814
marketing	8268	430844043	80.4829
gemeld	8265	430852308	80.4845
opvoeding	8265	430860573	80.486
omstreden	8264	430868837	80.4875
godsdienst	8259	430877096	80.4891
overkomen	8259	430885355	80.4906
elektrische	8258	430893613	80.4922
opzetten	8258	430901871	80.4937
Anderzijds	8257	430910128	80.4953
gemakkelijker	8257	430918385	80.4968
stage	8255	430926640	80.4983
dringen	8253	430934893	80.4999
daadwerkelijk	8249	430943142	80.5014
Miss	8248	430951390	80.503
medaille	8248	430959638	80.5045
beschadigd	8242	430967880	80.506
morgens	8242	430976122	80.5076
pv	8236	430984358	80.5091
lopende	8235	430992593	80.5107
Helemaal	8231	431000824	80.5122
Zwarte	8230	431009054	80.5137
Ronse	8228	431017282	80.5153
Foto's	8227	431025509	80.5168
Maaseik	8227	431033736	80.5183
evenals	8224	431041960	80.5199
vrolijk	8222	431050182	80.5214
G	8217	431058399	80.523
herinnert	8217	431066616	80.5245
betrokkenheid	8214	431074830	80.526
kostprijs	8214	431083044	80.5276
Google	8212	431091256	80.5291
Black	8209	431099465	80.5306
aangebracht	8208	431107673	80.5322
eis	8199	431115872	80.5337
Love	8198	431124070	80.5352
Vader	8191	431132261	80.5368
onderling	8190	431140451	80.5383
huisarts	8187	431148638	80.5398
terroristen	8186	431156824	80.5413
klopte	8185	431165009	80.5429
letters	8185	431173194	80.5444
lui	8184	431181378	80.5459
slotfase	8184	431189562	80.5475
Libanon	8178	431197740	80.549
vestiging	8178	431205918	80.5505
1978	8176	431214094	80.552
Meneer	8176	431222270	80.5536
ondersteunen	8175	431230445	80.5551
Russen	8174	431238619	80.5566
hervormingen	8170	431246789	80.5581
trad	8170	431254959	80.5597
ipv	8169	431263128	80.5612
secretaris	8169	431271297	80.5627
tickets	8169	431279466	80.5642
vertaling	8169	431287635	80.5658
standaard	8161	431295796	80.5673
subsidie	8160	431303956	80.5688
daarnaast	8158	431312114	80.5703
hevige	8150	431320264	80.5719
vervelend	8150	431328414	80.5734
cool	8149	431336563	80.5749
aantrekken	8147	431344710	80.5764
nader	8146	431352856	80.578
koste	8145	431361001	80.5795
fris	8144	431369145	80.581
79	8142	431377287	80.5825
Argentinië	8138	431385425	80.584
heette	8138	431393563	80.5856
streep	8132	431401695	80.5871
1979	8128	431409823	80.5886
peke	8128	431417951	80.5901
zinnen	8128	431426079	80.5916
houdende	8126	431434205	80.5932
slechter	8126	431442331	80.5947
zitting	8124	431450455	80.5962
Meteen	8120	431458575	80.5977
chauffeurs	8116	431466691	80.5992
omstreeks	8116	431474807	80.6007
schilderij	8115	431482922	80.6023
Vind	8114	431491036	80.6038
Lijst	8113	431499149	80.6053
zenders	8112	431507261	80.6068
omschreven	8104	431515365	80.6083
gestaan	8103	431523468	80.6098
roze	8101	431531569	80.6113
Oscar	8098	431539667	80.6129
Janssen	8095	431547762	80.6144
gezamenlijke	8092	431555854	80.6159
1.000	8091	431563945	80.6174
Ierse	8090	431572035	80.6189
externe	8086	431580121	80.6204
familieleden	8084	431588205	80.6219
bood	8082	431596287	80.6234
verderop	8077	431604364	80.6249
overeind	8074	431612438	80.6264
vr	8073	431620511	80.628
1983	8069	431628580	80.6295
toegenomen	8069	431636649	80.631
Mij	8068	431644717	80.6325
actrice	8066	431652783	80.634
ambities	8065	431660848	80.6355
belandde	8064	431668912	80.637
gespecialiseerd	8061	431676973	80.6385
gewend	8060	431685033	80.64
route	8058	431693091	80.6415
volg	8054	431701145	80.643
onzeker	8051	431709196	80.6445
Joden	8047	431717243	80.646
dienstverlening	8046	431725289	80.6475
Didier	8043	431733332	80.649
kapitein	8043	431741375	80.6505
boodschappen	8042	431749417	80.652
kantoren	8033	431757450	80.6535
pa	8032	431765482	80.655
lied	8030	431773512	80.6565
ondernemen	8030	431781542	80.658
tiental	8030	431789572	80.6595
varen	8029	431797601	80.661
volgden	8029	431805630	80.6625
buitenlanders	8028	431813658	80.664
debuut	8028	431821686	80.6655
bewaren	8025	431829711	80.667
ondergaan	8024	431837735	80.6685
Red	8023	431845758	80.67
Romeinse	8023	431853781	80.6715
uitgesteld	8019	431861800	80.673
uurtje	8019	431869819	80.6745
go	8018	431877837	80.676
huilen	8017	431885854	80.6775
Afgelopen	8006	431893860	80.679
Belgium	8006	431901866	80.6805
betekende	8004	431909870	80.682
verdrag	8003	431917873	80.6835
gepaard	8000	431925873	80.685
ophalen	8000	431933873	80.6865
Zodra	7998	431941871	80.688
ultieme	7994	431949865	80.6895
toename	7993	431957858	80.691
Carlos	7988	431965846	80.6925
universiteiten	7988	431973834	80.694
geboekt	7987	431981821	80.6955
district	7985	431989806	80.6969
business	7984	431997790	80.6984
braaf	7983	432005773	80.6999
Altijd	7982	432013755	80.7014
gevuld	7981	432021736	80.7029
loopbaan	7981	432029717	80.7044
Hoofdpunten	7976	432037693	80.7059
favoriet	7975	432045668	80.7074
verzameling	7974	432053642	80.7089
rechtse	7973	432061615	80.7104
Zeven	7972	432069587	80.7118
enthousiasme	7972	432077559	80.7133
première	7972	432085531	80.7148
zangeres	7972	432093503	80.7163
Diest	7971	432101474	80.7178
Jonge	7970	432109444	80.7193
onverwacht	7969	432117413	80.7208
enzovoort	7967	432125380	80.7223
voetballer	7966	432133346	80.7238
kleinste	7965	432141311	80.7252
erkende	7963	432149274	80.7267
bevorderen	7962	432157236	80.7282
vernieuwing	7962	432165198	80.7297
ingeschreven	7960	432173158	80.7312
leerling	7959	432181117	80.7327
Italiaans	7958	432189075	80.7342
blind	7957	432197032	80.7357
wettelijk	7957	432204989	80.7371
confrontatie	7952	432212941	80.7386
documentaire	7950	432220891	80.7401
ANTWERPEN	7945	432228836	80.7416
geboden	7942	432236778	80.7431
parlementaire	7941	432244719	80.7446
good	7938	432252657	80.746
aannemen	7932	432260589	80.7475
gevierd	7928	432268517	80.749
waarschuwt	7928	432276445	80.7505
klassement	7927	432284372	80.752
terreinen	7927	432292299	80.7534
fietsers	7926	432300225	80.7549
Aalter	7922	432308147	80.7564
15:00	7918	432316065	80.7579
Boom	7917	432323982	80.7594
Scheidsrechter	7912	432331894	80.7608
Duivels	7910	432339804	80.7623
verhoging	7910	432347714	80.7638
1977	7909	432355623	80.7653
gerealiseerd	7907	432363530	80.7668
stijgende	7905	432371435	80.7682
bui	7900	432379335	80.7697
klinken	7899	432387234	80.7712
thee	7898	432395132	80.7727
Nadien	7897	432403029	80.7741
bonden	7897	432410926	80.7756
leg	7897	432418823	80.7771
heten	7896	432426719	80.7786
criminaliteit	7895	432434614	80.78
Hierdoor	7894	432442508	80.7815
beschuldigd	7891	432450399	80.783
bocht	7886	432458285	80.7845
koper	7880	432466165	80.7859
afwezigheid	7877	432474042	80.7874
Bram	7876	432481918	80.7889
Marco	7867	432489785	80.7903
machine	7867	432497652	80.7918
Iedere	7865	432505517	80.7933
West-Vlaamse	7865	432513382	80.7947
constructie	7864	432521246	80.7962
voorhand	7863	432529109	80.7977
Let	7861	432536970	80.7992
onderuit	7861	432544831	80.8006
000	7860	432552691	80.8021
daalt	7860	432560551	80.8036
beantwoorden	7858	432568409	80.805
overnemen	7856	432576265	80.8065
Deense	7854	432584119	80.808
talloze	7852	432591971	80.8094
goa_ke	7851	432599822	80.8109
^^	7846	432607668	80.8124
knuffel	7845	432615513	80.8138
TMF	7844	432623357	80.8153
terras	7841	432631198	80.8168
fit	7840	432639038	80.8182
stelen	7838	432646876	80.8197
geweldige	7837	432654713	80.8211
Integendeel	7836	432662549	80.8226
National	7836	432670385	80.8241
gekoppeld	7831	432678216	80.8255
teruggevonden	7829	432686045	80.827
chef	7825	432693870	80.8285
toren	7824	432701694	80.8299
grijze	7821	432709515	80.8314
Team	7819	432717334	80.8328
dergelijk	7819	432725153	80.8343
doelstelling	7818	432732971	80.8358
scheppen	7817	432740788	80.8372
prettig	7816	432748604	80.8387
tekeningen	7816	432756420	80.8401
17.00	7815	432764235	80.8416
mindere	7815	432772050	80.8431
geruchten	7809	432779859	80.8445
stom	7809	432787668	80.846
overvallen	7806	432795474	80.8474
Daarop	7805	432803279	80.8489
