.	27285257	27285257	5.09373
de	25897579	53182836	9.92841
,	17984014	71166850	13.2857
zijn	12908797	84075647	15.6956
van	12325441	96401088	17.9966
het	11974323	108375411	20.232
een	11679412	120054823	22.4124
en	9840695	129895518	24.2495
in	9431725	139327243	26.0102
dat	5890086	145217329	27.1098
op	5111767	150329096	28.0641
te	4602103	154931199	28.9232
ik	4379674	159310873	29.7409
hebben	4293892	163604765	30.5425
voor	4082072	167686837	31.3045
met	4048501	171735338	32.0603
die	3910280	175645618	32.7903
niet	3772564	179418182	33.4946
)	3451075	182869257	34.1388
:	3430704	186299961	34.7793
worden	3281524	189581485	35.3919
(	3229121	192810606	35.9947
maar	2855224	195665830	36.5278
"	2814371	198480201	37.0532
er	2692326	201172527	37.5558
-	2637106	203809633	38.0481
'	2618414	206428047	38.5369
?	2589010	209017057	39.0202
je	2561730	211578787	39.4985
aan	2538733	214117520	39.9724
ook	2466245	216583765	40.4328
als	2331932	218915697	40.8681
om	2220075	221135772	41.2826
kunnen	2168484	223304256	41.6874
hij	2150491	225454747	42.0889
ze	2102716	227557463	42.4814
veel	2079872	229637335	42.8697
dan	1815780	231453115	43.2087
bij	1807997	233261112	43.5462
nog	1799891	235061003	43.8822
zullen	1794786	236855789	44.2173
al	1750374	238606163	44.544
moeten	1626324	240232487	44.8477
uit	1615943	241848430	45.1493
naar	1582030	243430460	45.4447
gaan	1559978	244990438	45.7359
of	1549935	246540373	46.0252
we	1529581	248069954	46.3108
!	1491443	249561397	46.5892
door	1467604	251029001	46.8632
over	1345335	252374336	47.1144
wat	1335539	253709875	47.3637
goed	1316509	255026384	47.6094
komen	1299191	256325575	47.852
jaar	1269770	257595345	48.089
tot	1214582	258809927	48.3158
wel	1171705	259981632	48.5345
geen	1106897	261088529	48.7412
nu	1017604	262106133	48.9311
doen	1017218	263123351	49.121
willen	1006926	264130277	49.309
zo	966391	265096668	49.4894
zeggen	961347	266058015	49.6689
dit	954717	267012732	49.8471
mijn	922926	267935658	50.0194
maken	889125	268824783	50.1854
ons	887947	269712730	50.3512
zich	877210	270589940	50.5149
twee	858416	271448356	50.6752
...	835576	272283932	50.8312
deze	830544	273114476	50.9862
hun	820358	273934834	51.1394
ander	781919	274716753	51.2853
haar	768113	275484866	51.4287
na	734176	276219042	51.5658
groot	711617	276930659	51.6986
staan	707648	277638307	51.8307
krijgen	706532	278344839	51.9626
nieuw	702118	279046957	52.0937
me	700817	279747774	52.2245
tegen	675848	280423622	52.3507
1	674193	281097815	52.4766
zien	665872	281763687	52.6009
;	655070	282418757	52.7232
daar	627593	283046350	52.8403
weten	619649	283665999	52.956
toch	618992	284284991	53.0716
heel	614943	284899934	53.1864
vinden	608306	285508240	53.2999
mens	606176	286114416	53.4131
waar	579281	286693697	53.5212
/	575117	287268814	53.6286
laten	559602	287828416	53.7331
blijven	556543	288384959	53.837
dus	526706	288911665	53.9353
geven	523830	289435495	54.0331
2	522587	289958082	54.1307
weer	518892	290476974	54.2275
u	517406	290994380	54.3241
zitten	515679	291510059	54.4204
hier	505503	292015562	54.5148
onder	502503	292518065	54.6086
hem	499891	293017956	54.7019
laat	489350	293507306	54.7932
drie	488652	293995958	54.8845
dag	480780	294476738	54.9742
Van	468312	294945050	55.0616
mogen	465670	295410720	55.1486
hoe	462649	295873369	55.2349
alleen	450908	296324277	55.3191
denken	449694	296773971	55.4031
eens	441824	297215795	55.4856
nemen	430883	297646678	55.566
omdat	428393	298075071	55.646
toen	426755	298501826	55.7256
man	426313	298928139	55.8052
houden	416420	299344559	55.883
volgen	405651	299750210	55.9587
ja	405539	300155749	56.0344
tijd	404958	300560707	56.11
uur	399868	300960575	56.1846
tussen	396928	301357503	56.2587
enkel	390164	301747667	56.3316
*	389068	302136735	56.4042
iets	387042	302523777	56.4765
3	374792	302898569	56.5464
lang	373745	303272314	56.6162
week	370196	303642510	56.6853
echt	369777	304012287	56.7544
zij	368751	304381038	56.8232
wij	366980	304748018	56.8917
''	364694	305112712	56.9598
wie	361642	305474354	57.0273
kind	360054	305834408	57.0945
zoals	353842	306188250	57.1606
af	352111	306540361	57.2263
euro	351950	306892311	57.292
werken	351217	307243528	57.3576
altijd	349212	307592740	57.4228
mee	348766	307941506	57.4879
leven	342116	308283622	57.5517
want	338644	308622266	57.615
volgens	336376	308958642	57.6778
zelf	334858	309293500	57.7403
plaats	334835	309628335	57.8028
land	331915	309960250	57.8647
liggen	330815	310291065	57.9265
vrouw	326271	310617336	57.9874
jong	322951	310940287	58.0477
De	322758	311263045	58.108
zonder	318428	311581473	58.1674
keer	305970	311887443	58.2245
:p	302240	312189683	58.2809
ver	292912	312482595	58.3356
beginnen	291428	312774023	58.39
alles	290609	313064632	58.4443
weg	288806	313353438	58.4982
stellen	288203	313641641	58.552
..	288105	313929746	58.6058
eigen	287458	314217204	58.6595
spelen	286165	314503369	58.7129
vooral	285591	314788960	58.7662
horen	284416	315073376	58.8193
brengen	280421	315353797	58.8716
zeker	279816	315633613	58.9239
elk	279034	315912647	58.976
net	274468	316187115	59.0272
vragen	272715	316459830	59.0781
mij	270057	316729887	59.1285
toe	268367	316998254	59.1786
zelfs	268234	317266488	59.2287
4	266159	317532647	59.2784
kijken	262430	317795077	59.3274
vorig	262218	318057295	59.3763
even	261958	318319253	59.4252
nooit	259681	318578934	59.4737
oud	259448	318838382	59.5222
klein	259116	319097498	59.5705
men	258356	319355854	59.6188
hoog	257153	319613007	59.6668
gewoon	255772	319868779	59.7145
europees	252506	320121285	59.7617
maand	246920	320368205	59.8077
terug	245520	320613725	59.8536
0	241890	320855615	59.8987
%	241216	321096831	59.9438
werk	240337	321337168	59.9886
vallen	239698	321576866	60.0334
vier	238370	321815236	60.0779
da	237769	322053005	60.1223
5	232383	322285388	60.1657
tijdens	231551	322516939	60.2089
jij	230052	322746991	60.2518
snel	227625	322974616	60.2943
lopen	225787	323200403	60.3365
eerst	225532	323425935	60.3786
bestaan	222585	323648520	60.4201
binnen	220658	323869178	60.4613
per	218904	324088082	60.5022
minder	218394	324306476	60.543
belangrijk	218210	324524686	60.5837
probleem	217568	324742254	60.6243
steeds	216288	324958542	60.6647
miljoen	215921	325174463	60.705
niets	215590	325390053	60.7452
naam	214553	325604606	60.7853
vandaag	213945	325818551	60.8252
halen	211486	326030037	60.8647
aantal	210822	326240859	60.9041
lijken	210804	326451663	60.9434
kennen	209667	326661330	60.9826
procent	209642	326870972	61.0217
rond	209642	327080614	61.0609
6	209615	327290229	61.1
via	208622	327498851	61.1389
iedereen	208509	327707360	61.1779
mogelijk	208468	327915828	61.2168
erg	205903	328121731	61.2552
samen	204525	328326256	61.2934
mooi	204483	328530739	61.3316
bedrijf	203929	328734668	61.3696
nee	203825	328938493	61.4077
zo'n	203185	329141678	61.4456
elkaar	202298	329343976	61.4834
politiek	201378	329545354	61.521
vraag	201193	329746547	61.5585
vlaams	201106	329947653	61.5961
blijken	200909	330148562	61.6336
artikel	200481	330349043	61.671
iemand	197208	330546251	61.7078
eind	196695	330742946	61.7446
hand	196119	330939065	61.7812
nodig	195988	331135053	61.8178
huis	195502	331330555	61.8542
zetten	195443	331525998	61.8907
misschien	194863	331720861	61.9271
deel	194092	331914953	61.9633
zaak	193388	332108341	61.9994
stad	192637	332300978	62.0354
waarom	192429	332493407	62.0713
vaak	192247	332685654	62.1072
weinig	189286	332874940	62.1426
Nederland	188445	333063385	62.1777
10	183910	333247295	62.2121
vijf	182054	333429349	62.2461
partij	181945	333611294	62.28
wereld	181460	333792754	62.3139
gebruiken	180431	333973185	62.3476
]	180391	334153576	62.3813
natuurlijk	179924	334333500	62.4149
geld	179871	334513371	62.4484
allemaal	177773	334691144	62.4816
pas	177375	334868519	62.5147
:)	177298	335045817	62.5478
schrijven	177269	335223086	62.5809
geleden	175648	335398734	62.6137
sinds	175645	335574379	62.6465
minister	173751	335748130	62.6789
bijna	173614	335921744	62.7114
trekken	172497	336094241	62.7436
uw	172388	336266629	62.7757
spreken	170733	336437362	62.8076
belgisch	170319	336607681	62.8394
the	170309	336777990	62.8712
noemen	167542	336945532	62.9025
gisteren	167063	337112595	62.9337
proberen	166799	337279394	62.9648
hen	166573	337445967	62.9959
groep	165833	337611800	63.0269
vanaf	165591	337777391	63.0578
achter	164593	337941984	63.0885
geval	164462	338106446	63.1192
winnen	163567	338270013	63.1497
duidelijk	163266	338433279	63.1802
sterk	163016	338596295	63.2106
punt	162654	338758949	63.241
[	162410	338921359	63.2713
vrij	161577	339082936	63.3015
BelgiÃ«	161353	339244289	63.3316
echter	160600	339404889	63.3616
anders	159747	339564636	63.3914
welk	159110	339723746	63.4211
opnieuw	157846	339881592	63.4506
vertellen	157817	340039409	63.4801
leggen	157151	340196560	63.5094
helemaal	156954	340353514	63.5387
nederlands	156691	340510205	63.5679
jullie	156248	340666453	63.5971
bekend	155502	340821955	63.6261
boek	154163	340976118	63.6549
kans	154153	341130271	63.6837
a	153971	341284242	63.7124
vroeg	153377	341437619	63.7411
gebeuren	152578	341590197	63.7696
enig	152222	341742419	63.798
betalen	151491	341893910	63.8263
lol	150850	342044760	63.8544
zeer	150423	342195183	63.8825
politie	149275	342344458	63.9104
7	149067	342493525	63.9382
terwijl	148530	342642055	63.9659
eigenlijk	147845	342789900	63.9935
manier	146239	342936139	64.0208
amerikaanse	146214	343082353	64.0481
zoeken	145914	343228267	64.0754
moeilijk	145793	343374060	64.1026
regering	145517	343519577	64.1297
20	145444	343665021	64.1569
re	144579	343809600	64.1839
zwaar	144354	343953954	64.2108
school	143811	344097765	64.2377
voelen	143443	344241208	64.2645
stuk	142928	344384136	64.2911
vast	142926	344527062	64.3178
wanneer	142821	344669883	64.3445
dood	142394	344812277	64.3711
lezen	141547	344953824	64.3975
woord	140641	345094465	64.4238
daarom	140160	345234625	64.4499
soms	139319	345373944	64.4759
8	138982	345512926	64.5019
graag	138699	345651625	64.5278
lid	138574	345790199	64.5536
Brussel	137677	345927876	64.5793
zorgen	137638	346065514	64.605
tien	137388	346202902	64.6307
eerder	137337	346340239	64.6563
The	137048	346477287	64.6819
paar	136967	346614254	64.7075
moment	136821	346751075	64.733
morgen	136804	346887879	64.7586
gezien	135666	347023545	64.7839
verliezen	135652	347159197	64.8092
leuk	135578	347294775	64.8345
kort	135469	347430244	64.8598
....	133493	347563737	64.8847
eten	133150	347696887	64.9096
beet	131371	347828258	64.9341
film	131123	347959381	64.9586
foto	130816	348090197	64.983
zes	130795	348220992	65.0074
oog	130572	348351564	65.0318
onderzoek	130553	348482117	65.0562
slecht	130419	348612536	65.0805
&	130329	348742865	65.1049
waarin	130270	348873135	65.1292
verschillend	130101	349003236	65.1535
wedstrijd	129773	349133009	65.1777
seizoen	129576	349262585	65.2019
jou	129402	349391987	65.226
commissie	129290	349521277	65.2502
genoeg	128669	349649946	65.2742
rijden	126637	349776583	65.2978
ge	126590	349903173	65.3215
gemeente	126363	350029536	65.3451
15	125454	350154990	65.3685
bijvoorbeeld	124768	350279758	65.3918
begin	121976	350401734	65.4145
ding	121750	350523484	65.4373
voorzitter	121496	350644980	65.4599
wachten	121066	350766046	65.4826
helpen	120604	350886650	65.5051
juist	120234	351006884	65.5275
hopen	119009	351125893	65.5497
meteen	118162	351244055	65.5718
Europa	117958	351362013	65.5938
leren	117797	351479810	65.6158
ni	117579	351597389	65.6377
soort	117578	351714967	65.6597
buiten	117002	351831969	65.6815
vriend	116238	351948207	65.7032
bovendien	116086	352064293	65.7249
auto	115989	352180282	65.7466
sommig	115672	352295954	65.7682
sociaal	115341	352411295	65.7897
kopen	115258	352526553	65.8112
12	115076	352641629	65.8327
feit	113816	352755445	65.8539
prijs	113558	352869003	65.8751
naast	113470	352982473	65.8963
ooit	113449	353095922	65.9175
25	112888	353208810	65.9386
thuis	112274	353321084	65.9595
recht	112135	353433219	65.9805
9	111927	353545146	66.0014
titel	111831	353656977	66.0222
beide	111384	353768361	66.043
verwachten	111220	353879581	66.0638
@	111167	353990748	66.0846
vader	111077	354101825	66.1053
Vlaanderen	110952	354212777	66.126
niemand	110722	354323499	66.1467
ploeg	110075	354433574	66.1672
moeder	109475	354543049	66.1877
vol	109016	354652065	66.208
verhaal	108890	354760955	66.2283
sluiten	107488	354868443	66.2484
licht	107407	354975850	66.2685
lief	107035	355082885	66.2884
slechts	106818	355189703	66.3084
zoveel	106724	355296427	66.3283
voorbij	106310	355402737	66.3481
raad	106026	355508763	66.3679
plan	105825	355614588	66.3877
=	104981	355719569	66.4073
half	104943	355824512	66.4269
markt	104723	355929235	66.4464
geloven	104379	356033614	66.4659
11	104215	356137829	66.4854
internationaal	104030	356241859	66.5048
Antwerpen	103588	356345447	66.5241
volledig	103395	356448842	66.5434
boven	102976	356551818	66.5627
meisje	102860	356654678	66.5819
open	102409	356757087	66.601
la	102132	356859219	66.6201
daarna	101853	356961072	66.6391
laag	101794	357062866	66.6581
zin	101768	357164634	66.6771
water	101270	357265904	66.696
idee	101244	357367148	66.7149
hard	101063	357468211	66.7337
wonen	100984	357569195	66.7526
30	100954	357670149	66.7714
ieder	100689	357770838	66.7902
slaan	100140	357870978	66.8089
leiden	99983	357970961	66.8276
dezelfde	99926	358070887	66.8463
gevolg	99453	358170340	66.8648
|	99233	358269573	66.8833
totaal	99218	358368791	66.9019
d	99040	358467831	66.9204
pakken	98706	358566537	66.9388
`	98699	358665236	66.9572
ouder	98651	358763887	66.9756
niks	98383	358862270	66.994
18	98293	358960563	67.0123
raken	98200	359058763	67.0307
druk	97784	359156547	67.0489
verkopen	97655	359254202	67.0672
bank	97089	359351291	67.0853
minuut	96969	359448260	67.1034
aldus	96844	359545104	67.1215
muziek	96398	359641502	67.1395
bieden	96246	359737748	67.1574
extra	96155	359833903	67.1754
staat	96031	359929934	67.1933
reden	95869	360025803	67.2112
best	94983	360120786	67.2289
nie	94904	360215690	67.2467
14	94346	360310036	67.2643
gelijk	93470	360403506	67.2817
dienst	93090	360496596	67.2991
aflopen	93056	360589652	67.3165
meter	93023	360682675	67.3338
hoofd	92988	360775663	67.3512
kant	92940	360868603	67.3685
familie	92939	360961542	67.3859
betekenen	92792	361054334	67.4032
bezig	92680	361147014	67.4205
he	92635	361239649	67.4378
;)	92608	361332257	67.4551
geworden	92486	361424743	67.4724
Jan	92298	361517041	67.4896
zowel	92178	361609219	67.5068
stem	92032	361701251	67.524
beeld	91861	361793112	67.5411
praten	91817	361884929	67.5583
Gent	91291	361976220	67.5753
speler	90857	362067077	67.5923
nationaal	90833	362157910	67.6092
uiteindelijk	90384	362248294	67.6261
economisch	90306	362338600	67.643
resultaat	90173	362428773	67.6598
club	89721	362518494	67.6765
vorm	89715	362608209	67.6933
voeren	89582	362697791	67.71
gezegd	89574	362787365	67.7267
zondag	89440	362876805	67.7434
quote	89410	362966215	67.7601
zodat	89177	363055392	67.7768
langs	88861	363144253	67.7934
kiezen	88665	363232918	67.8099
veranderen	88640	363321558	67.8265
frans	88608	363410166	67.843
les	88264	363498430	67.8595
miljard	88073	363586503	67.8759
zoon	88021	363674524	67.8924
gebied	87786	363762310	67.9088
programma	87567	363849877	67.9251
meest	87478	363937355	67.9414
avond	86941	364024296	67.9577
RT	86929	364111225	67.9739
president	86675	364197900	67.9901
ruim	86660	364284560	68.0062
financieel	86653	364371213	68.0224
p	86503	364457716	68.0386
trouwens	86460	364544176	68.0547
publiek	86131	364630307	68.0708
stoppen	86054	364716361	68.0869
16	85865	364802226	68.1029
begrijpen	85663	364887889	68.1189
13	85319	364973208	68.1348
lekker	84961	365058169	68.1507
leveren	84795	365142964	68.1665
overheid	84660	365227624	68.1823
rol	84380	365312004	68.1981
precies	84082	365396086	68.2138
nummer	83777	365479863	68.2294
gelukkig	83684	365563547	68.245
inderdaad	83648	365647195	68.2606
helft	83240	365730435	68.2762
belang	83048	365813483	68.2917
persoon	82949	365896432	68.3072
ervan	82877	365979309	68.3226
bijzonder	82853	366062162	68.3381
succes	82573	366144735	68.3535
aandeel	82272	366227007	68.3689
gebruik	81771	366308778	68.3841
september	81630	366390408	68.3994
Ã 	81437	366471845	68.4146
tonen	81382	366553227	68.4298
burgemeester	81239	366634466	68.4449
sturen	80789	366715255	68.46
juni	80112	366795367	68.475
daarmee	80103	366875470	68.4899
zaterdag	80062	366955532	68.5049
et	79865	367035397	68.5198
17	79783	367115180	68.5347
hangen	79756	367194936	68.5496
zeven	79351	367274287	68.5644
bouwen	79305	367353592	68.5792
organiseren	78852	367432444	68.5939
ongeveer	78693	367511137	68.6086
nacht	78496	367589633	68.6233
algemeen	78492	367668125	68.6379
januari	78394	367746519	68.6525
bepalen	78352	367824871	68.6672
periode	78342	367903213	68.6818
mei	78194	367981407	68.6964
dragen	78181	368059588	68.711
straat	78046	368137634	68.7256
bepaald	77949	368215583	68.7401
rest	77750	368293333	68.7546
rood	77724	368371057	68.7691
acht	77707	368448764	68.7836
vormen	77597	368526361	68.7981
dienen	76986	368603347	68.8125
dochter	76870	368680217	68.8268
immers	76699	368756916	68.8412
19	76609	368833525	68.8555
huidig	76555	368910080	68.8698
kosten	76515	368986595	68.884
duits	76325	369062920	68.8983
product	76247	369139167	68.9125
hoeven	75751	369214918	68.9267
informatie	75631	369290549	68.9408
grond	75569	369366118	68.9549
gemeenschap	75565	369441683	68.969
spel	75485	369517168	68.9831
waarop	75457	369592625	68.9972
2004	75331	369667956	69.0112
Frankrijk	75256	369743212	69.0253
slachtoffer	75161	369818373	69.0393
waarbij	74912	369893285	69.0533
zichzelf	74859	369968144	69.0673
eeuw	74799	370042943	69.0812
basis	74697	370117640	69.0952
ma	74667	370192307	69.1091
oktober	74640	370266947	69.1231
oorlog	74482	370341429	69.137
hetzelfde	74357	370415786	69.1509
draaien	74350	370490136	69.1647
kaart	74236	370564372	69.1786
project	74014	370638386	69.1924
verordening	73993	370712379	69.2062
tellen	73946	370786325	69.22
reageren	73870	370860195	69.2338
21	73605	370933800	69.2476
waarvan	73582	371007382	69.2613
meestal	73523	371080905	69.275
actie	73321	371154226	69.2887
wijzen	73298	371227524	69.3024
weekend	73287	371300811	69.3161
nadat	73226	371374037	69.3297
toekomst	73117	371447154	69.3434
gevoel	72790	371519944	69.357
stijgen	72658	371592602	69.3705
normaal	72579	371665181	69.3841
klant	72523	371737704	69.3976
fout	72510	371810214	69.4112
juli	72506	371882720	69.4247
22	72455	371955175	69.4382
vergeten	72407	372027582	69.4517
steken	72268	372099850	69.4652
groen	72232	372172082	69.4787
organisatie	72182	372244264	69.4922
roepen	71905	372316169	69.5056
duur	71862	372388031	69.519
klaar	71830	372459861	69.5324
>	71447	372531308	69.5458
wagen	71410	372602718	69.5591
frank	71220	372673938	69.5724
passen	71176	372745114	69.5857
verdwijnen	71176	372816290	69.599
richten	71169	372887459	69.6123
parlement	71074	372958533	69.6255
lijst	70958	373029491	69.6388
deur	70885	373100376	69.652
zwart	70871	373171247	69.6653
missen	70724	373241971	69.6785
2005	70591	373312562	69.6916
situatie	70567	373383129	69.7048
24	70504	373453633	69.718
bereiken	70475	373524108	69.7311
to	70457	373594565	69.7443
verschil	70219	373664784	69.7574
daarvoor	70065	373734849	69.7705
verdienen	69711	373804560	69.7835
daarbij	69659	373874219	69.7965
antwoord	69481	373943700	69.8095
terecht	69312	374013012	69.8224
50	68984	374081996	69.8353
+	68782	374150778	69.8481
maatregel	68744	374219522	69.8609
and	68656	374288178	69.8738
100	68486	374356664	69.8866
verkiezing	68475	374425139	69.8993
rekening	68359	374493498	69.9121
openbaar	68137	374561635	69.9248
beslissen	68091	374629726	69.9375
maart	67767	374697493	69.9502
Brugge	67712	374765205	69.9628
finale	67671	374832876	69.9755
kost	67624	374900500	69.9881
der	67367	374967867	70.0007
enorm	67297	375035164	70.0132
december	67207	375102371	70.0258
23	67141	375169512	70.0383
groeien	67086	375236598	70.0508
woning	67008	375303606	70.0633
april	66987	375370593	70.0758
duren	66948	375437541	70.0883
aandacht	66441	375503982	70.1007
ontstaan	66440	375570422	70.1131
klinken	66297	375636719	70.1255
lachen	66063	375702782	70.1379
gelden	65974	375768756	70.1502
Amsterdam	65955	375834711	70.1625
Duitsland	65651	375900362	70.1747
des	65558	375965920	70.187
premier	65409	376031329	70.1992
's	65148	376096477	70.2113
krant	65125	376161602	70.2235
rust	65040	376226642	70.2356
tekst	64807	376291449	70.2477
wet	64806	376356255	70.2598
nou	64724	376420979	70.2719
opzetten	64520	376485499	70.284
hart	64462	376549961	70.296
dicht	64425	376614386	70.308
vanavond	64390	376678776	70.3201
merken	64282	376743058	70.3321
betrekken	64278	376807336	70.3441
:D	63897	376871233	70.356
starten	63780	376935013	70.3679
speciaal	63774	376998787	70.3798
doel	63697	377062484	70.3917
lokaal	63561	377126045	70.4036
vertrekken	63532	377189577	70.4154
Peter	63337	377252914	70.4272
danken	63275	377316189	70.439
waardoor	63230	377379419	70.4509
trainer	63116	377442535	70.4626
start	63015	377505550	70.4744
verschijnen	62992	377568542	70.4862
voorlopig	62952	377631494	70.4979
werknemer	62943	377694437	70.5097
I	62912	377757349	70.5214
november	62769	377820118	70.5331
hoewel	62697	377882815	70.5448
straks	62539	377945354	70.5565
vlak	62476	378007830	70.5682
27	62466	378070296	70.5798
le	62409	378132705	70.5915
koning	62390	378195095	70.6031
persoonlijk	62251	378257346	70.6147
gevonden	62031	378319377	70.6263
b	61969	378381346	70.6379
contact	61915	378443261	70.6495
besluiten	61847	378505108	70.661
waarschijnlijk	61733	378566841	70.6725
dollar	61646	378628487	70.684
honderd	61335	378689822	70.6955
gebouw	61298	378751120	70.7069
ruimte	61198	378812318	70.7184
slapen	61190	378873508	70.7298
plaatsen	61005	378934513	70.7412
voorbeeld	60871	378995384	70.7525
richting	60805	379056189	70.7639
verklaren	60712	379116901	70.7752
doelpunt	60664	379177565	70.7865
nr.	60503	379238068	70.7978
betreffen	60466	379298534	70.8091
intussen	60450	379358984	70.8204
bellen	60410	379419394	70.8317
volk	60350	379479744	70.843
26	60286	379540030	70.8542
dier	60267	379600297	70.8655
gij	60192	379660489	70.8767
positief	60170	379720659	70.8879
openen	60168	379780827	70.8992
taal	60157	379840984	70.9104
niveau	59929	379900913	70.9216
heer	59915	379960828	70.9328
mogelijkheid	59886	380020714	70.9439
collega	59767	380080481	70.9551
voorstel	59541	380140022	70.9662
systeem	59538	380199560	70.9773
Den	59398	380258958	70.9884
k	59388	380318346	70.9995
oplossing	59371	380377717	71.0106
God	59314	380437031	71.0217
jongen	59278	380496309	71.0327
bedoelen	59240	380555549	71.0438
cijfer	59118	380614667	71.0548
arm	59113	380673780	71.0659
militair	59022	380732802	71.0769
inwoner	58974	380791776	71.0879
reactie	58965	380850741	71.0989
britse	58925	380909666	71.1099
officieel	58668	380968334	71.1208
voorkomen	58650	381026984	71.1318
gesprek	58565	381085549	71.1427
regio	58422	381143971	71.1536
buurt	58277	381202248	71.1645
controle	58271	381260519	71.1754
gratis	58218	381318737	71.1863
kloppen	58071	381376808	71.1971
--	57858	381434666	71.2079
top	57719	381492385	71.2187
ziekenhuis	57405	381549790	71.2294
waarmee	57402	381607192	71.2401
middel	57398	381664590	71.2508
heten	57389	381721979	71.2615
daarvan	57369	381779348	71.2723
unie	57317	381836665	71.283
2000	57185	381893850	71.2936
kilometer	57135	381950985	71.3043
steun	57119	382008104	71.315
ervaring	57078	382065182	71.3256
blij	57054	382122236	71.3363
tegenover	57052	382179288	71.3469
scoren	57025	382236313	71.3576
centrum	56813	382293126	71.3682
beperken	56793	382349919	71.3788
geraken	56758	382406677	71.3894
leider	56738	382463415	71.4
2003	56709	382520124	71.4105
buitenlands	56618	382576742	71.4211
ronde	56609	382633351	71.4317
luisteren	56601	382689952	71.4422
genieten	56599	382746551	71.4528
band	56591	382803142	71.4634
New	56582	382859724	71.4739
hÃ©	56565	382916289	71.4845
liever	56513	382972802	71.4951
winst	56481	383029283	71.5056
provincie	56384	383085667	71.5161
kop	56313	383141980	71.5266
twintig	56218	383198198	71.5371
onderwijs	56115	383254313	71.5476
daardoor	56084	383310397	71.5581
wit	55814	383366211	71.5685
28	55782	383421993	71.5789
ondanks	55759	383477752	71.5893
wa	55727	383533479	71.5997
strijd	55640	383589119	71.6101
VS	55633	383644752	71.6205
kerk	55628	383700380	71.6309
drinken	55556	383755936	71.6412
keuze	55527	383811463	71.6516
stappen	55391	383866854	71.662
kamer	55346	383922200	71.6723
directeur	55323	383977523	71.6826
augustus	55255	384032778	71.6929
baan	55234	384088012	71.7032
vrijdag	55161	384143173	71.7135
opnemen	55016	384198189	71.7238
stap	54901	384253090	71.7341
40	54869	384307959	71.7443
richtlijn	54853	384362812	71.7545
wellicht	54852	384417664	71.7648
graad	54735	384472399	71.775
bekijken	54591	384526990	71.7852
geschiedenis	54515	384581505	71.7954
t	54341	384635846	71.8055
direct	54260	384690106	71.8156
economie	54213	384744319	71.8258
overlijden	54169	384798488	71.8359
winkel	54149	384852637	71.846
das	54102	384906739	71.8561
akkoord	54098	384960837	71.8662
actief	53989	385014826	71.8763
bewijzen	53953	385068779	71.8863
kracht	53943	385122722	71.8964
2001	53820	385176542	71.9065
broer	53794	385230336	71.9165
rechter	53713	385284049	71.9265
voetbal	53691	385337740	71.9365
alsof	53608	385391348	71.9466
februari	53597	385444945	71.9566
Paul	53533	385498478	71.9666
konden	53457	385551935	71.9765
relatie	53351	385605286	71.9865
zoek	53235	385658521	71.9964
optreden	53203	385711724	72.0064
internet	53174	385764898	72.0163
voet	53146	385818044	72.0262
ontwikkeling	53107	385871151	72.0361
;-)	53098	385924249	72.046
blz.	53091	385977340	72.056
gemiddeld	53011	386030351	72.0658
beslissing	52971	386083322	72.0757
loop	52966	386136288	72.0856
vertrouwen	52957	386189245	72.0955
gezin	52834	386242079	72.1054
lidstaat	52636	386294715	72.1152
breken	52623	386347338	72.125
SPAM	52611	386399949	72.1348
warm	52532	386452481	72.1447
2002	52529	386505010	72.1545
regel	52421	386557431	72.1642
momenteel	52368	386609799	72.174
blijkbaar	52344	386662143	72.1838
ok	52317	386714460	72.1936
CD&V	52260	386766720	72.2033
macht	52237	386818957	72.2131
brief	52059	386871016	72.2228
ontvangen	51933	386922949	72.2325
plek	51880	386974829	72.2422
reeks	51810	387026639	72.2518
rekenen	51698	387078337	72.2615
verlaten	51613	387129950	72.2711
voorstellen	51537	387181487	72.2807
diep	51524	387233011	72.2904
grens	51510	387284521	72.3
brussels	51403	387335924	72.3096
orde	51346	387387270	72.3192
mening	51279	387438549	72.3287
x	51277	387489826	72.3383
uiteraard	51229	387541055	72.3479
makkelijk	51161	387592216	72.3574
Verenigde	51142	387643358	72.367
links	51127	387694485	72.3765
lijn	51064	387745549	72.386
e	50959	387796508	72.3956
dergelijk	50882	387847390	72.4051
centraal	50670	387898060	72.4145
erop	50609	387948669	72.424
team	50602	387999271	72.4334
voorzien	50533	388049804	72.4428
slagen	50508	388100312	72.4523
wegens	50391	388150703	72.4617
heen	50349	388201052	72.4711
VLD	50328	388251380	72.4805
politicus	50311	388301691	72.4899
rijk	50297	388351988	72.4993
melden	50274	388402262	72.5086
Tom	50259	388452521	72.518
zomer	50247	388502768	72.5274
bevolking	50211	388552979	72.5368
info	50125	388603104	72.5461
hoogte	50107	388653211	72.5555
geheel	50106	388703317	72.5648
rustig	50085	388753402	72.5742
schip	50078	388803480	72.5835
schieten	49827	388853307	72.5928
sport	49808	388903115	72.6021
leerling	49774	388952889	72.6114
Ã©n	49655	389002544	72.6207
overigens	49546	389052090	72.63
beleid	49536	389101626	72.6392
liefde	49530	389151156	72.6485
gezicht	49462	389200618	72.6577
absoluut	49444	389250062	72.6669
Marc	49432	389299494	72.6761
hulp	49396	389348890	72.6854
bezoek	49389	389398279	72.6946
overal	49155	389447434	72.7038
namelijk	49150	389496584	72.7129
sterven	48947	389545531	72.7221
duizend	48849	389594380	72.7312
samenwerking	48617	389642997	72.7403
cultuur	48528	389691525	72.7493
s	48386	389739911	72.7584
29	48323	389788234	72.7674
FC	48274	389836508	72.7764
bed	48250	389884758	72.7854
geel	48223	389932981	72.7944
Bart	48168	389981149	72.8034
bezoeker	48135	390029284	72.8124
hoeveel	48133	390077417	72.8214
kennis	47982	390125399	72.8303
opdracht	47979	390173378	72.8393
ondertussen	47949	390221327	72.8482
slag	47930	390269257	72.8572
burger	47893	390317150	72.8661
verkeerd	47770	390364920	72.875
vaststellen	47757	390412677	72.884
bestuur	47639	390460316	72.8929
m	47573	390507889	72.9017
i	47571	390555460	72.9106
nauwelijks	47455	390602915	72.9195
verleden	47437	390650352	72.9283
waard	47409	390697761	72.9372
vervangen	47341	390745102	72.946
eindelijk	47338	390792440	72.9549
waarde	47211	390839651	72.9637
2006	47181	390886832	72.9725
vreemd	47175	390934007	72.9813
behoren	47128	390981135	72.9901
vrezen	47122	391028257	72.9989
last	47063	391075320	73.0077
geboren	46998	391122318	73.0164
activiteit	46995	391169313	73.0252
bal	46931	391216244	73.034
media	46922	391263166	73.0427
treffen	46878	391310044	73.0515
overtuigen	46781	391356825	73.0602
sector	46747	391403572	73.0689
31	46742	391450314	73.0777
Irak	46648	391496962	73.0864
maandag	46610	391543572	73.0951
dik	46523	391590095	73.1038
:-)	46492	391636587	73.1124
zorg	46415	391683002	73.1211
durven	46384	391729386	73.1298
inmiddels	46293	391775679	73.1384
technisch	46258	391821937	73.147
Leuven	46179	391868116	73.1557
termijn	46133	391914249	73.1643
bedoeling	46120	391960369	73.1729
stand	46060	392006429	73.1815
voordeel	46007	392052436	73.1901
La	45952	392098388	73.1987
aanwezig	45931	392144319	73.2072
lukken	45796	392190115	73.2158
beroep	45768	392235883	73.2243
negen	45723	392281606	73.2329
lichaam	45716	392327322	73.2414
leeftijd	45701	392373023	73.2499
for	45683	392418706	73.2585
fijn	45664	392464370	73.267
website	45620	392509990	73.2755
:o	45495	392555485	73.284
kwaliteit	45422	392600907	73.2925
voormalig	45381	392646288	73.3009
stil	45321	392691609	73.3094
jaarlijks	45208	392736817	73.3178
Frank	45129	392781946	73.3263
tafel	45091	392827037	73.3347
bron	45062	392872099	73.3431
ontdekken	45033	392917132	73.3515
contract	44991	392962123	73.3599
ergens	44953	393007076	73.3683
discussie	44928	393052004	73.3767
kritiek	44893	393096897	73.3851
brand	44848	393141745	73.3934
dalen	44791	393186536	73.4018
maat	44776	393231312	73.4102
zon	44765	393276077	73.4185
kunst	44741	393320818	73.4269
nogal	44675	393365493	73.4352
Luc	44652	393410145	73.4435
treden	44588	393454733	73.4519
match	44510	393499243	73.4602
kleur	44456	393543699	73.4685
dankzij	44453	393588152	73.4768
gegeven	44444	393632596	73.4851
on	44400	393676996	73.4934
ontwikkelen	44370	393721366	73.5016
feest	44317	393765683	73.5099
lied	44308	393809991	73.5182
gang	44227	393854218	73.5264
indien	44212	393898430	73.5347
onderzoeken	44207	393942637	73.5429
Staten	44069	393986706	73.5512
federaal	44065	394030771	73.5594
vriendin	44051	394074822	73.5676
km	43992	394118814	73.5758
crisis	43856	394162670	73.584
bang	43791	394206461	73.5922
leger	43754	394250215	73.6004
wijze	43670	394293885	73.6085
bericht	43621	394337506	73.6167
vervolgens	43580	394381086	73.6248
geweld	43578	394424664	73.6329
dorp	43522	394468186	73.6411
60	43514	394511700	73.6492
dreigen	43447	394555147	73.6573
Club	43365	394598512	73.6654
onderneming	43341	394641853	73.6735
du	43264	394685117	73.6816
kandidaat	43244	394728361	73.6896
los	43170	394771531	73.6977
overwegen	43162	394814693	73.7057
interessant	43135	394857828	73.7138
beschouwen	43009	394900837	73.7218
bedrag	42995	394943832	73.7299
David	42935	394986767	73.7379
oh	42815	395029582	73.7459
verslag	42713	395072295	73.7538
ervoor	42600	395114895	73.7618
telkens	42532	395157427	73.7697
hey	42531	395199958	73.7777
goedkoop	42527	395242485	73.7856
risico	42521	395285006	73.7935
tekenen	42491	395327497	73.8015
bestuurder	42402	395369899	73.8094
hoop	42400	395412299	73.8173
universiteit	42398	395454697	73.8252
bus	42298	395496995	73.8331
spraak	42226	395539221	73.841
meerderheid	42211	395581432	73.8489
zingen	42198	395623630	73.8568
veroordelen	42181	395665811	73.8646
l	42168	395707979	73.8725
gewinnen	42132	395750111	73.8804
bevestigen	42099	395792210	73.8882
voldoen	42040	395834250	73.8961
trein	41912	395876162	73.9039
vliegen	41876	395918038	73.9117
advies	41868	395959906	73.9195
studie	41858	396001764	73.9274
uitspraak	41790	396043554	73.9352
twaalf	41726	396085280	73.9429
ah	41722	396127002	73.9507
tevreden	41706	396168708	73.9585
student	41698	396210406	73.9663
voorwaarde	41675	396252081	73.9741
dagelijks	41616	396293697	73.9819
site	41600	396335297	73.9896
behalve	41573	396376870	73.9974
weigeren	41497	396418367	74.0051
veld	41488	396459855	74.0129
you	41370	396501225	74.0206
zee	41228	396542453	74.0283
serieus	41183	396583636	74.036
idd	41143	396624779	74.0437
jammer	41129	396665908	74.0513
't	41101	396707009	74.059
redden	41033	396748042	74.0667
initiatief	41025	396789067	74.0743
gemakkelijk	41007	396830074	74.082
gooien	40994	396871068	74.0896
hond	40982	396912050	74.0973
beurs	40940	396952990	74.1049
partner	40927	396993917	74.1126
lucht	40904	397034821	74.1202
moord	40885	397075706	74.1278
rug	40880	397116586	74.1355
proces	40878	397157464	74.1431
menen	40860	397198324	74.1507
den	40815	397239139	74.1584
Nederlands	40801	397279940	74.166
Johan	40689	397320629	74.1736
China	40683	397361312	74.1812
perfect	40649	397401961	74.1887
prachtig	40524	397442485	74.1963
debat	40442	397482927	74.2039
kies	40442	397523369	74.2114
veilig	40426	397563795	74.219
bedanken	40369	397604164	74.2265
eindigen	40266	397644430	74.234
omgeving	40258	397684688	74.2415
beloven	40187	397724875	74.249
tv	40140	397765015	74.2565
italiaans	40107	397805122	74.264
been	40105	397845227	74.2715
o	40081	397885308	74.279
keren	40013	397925321	74.2865
aanslag	40003	397965324	74.2939
moeite	39997	398005321	74.3014
gast	39994	398045315	74.3089
Frans	39966	398085281	74.3163
kwestie	39887	398125168	74.3238
daarnaast	39808	398164976	74.3312
functie	39755	398204731	74.3386
beuren	39725	398244456	74.346
steunen	39705	398284161	74.3534
dossier	39701	398323862	74.3609
onmiddellijk	39696	398363558	74.3683
woensdag	39651	398403209	74.3757
dader	39650	398442859	74.3831
daarin	39613	398482472	74.3905
eisen	39584	398522056	74.3979
Oostende	39562	398561618	74.4052
radio	39544	398601162	74.4126
invloed	39348	398640510	74.42
IsraÃ«l	39337	398679847	74.4273
besluit	39298	398719145	74.4346
verbieden	39236	398758381	74.442
modern	39216	398797597	74.4493
John	39203	398836800	74.4566
bewoner	39108	398875908	74.4639
delen	39071	398914979	74.4712
koers	39061	398954040	74.4785
breed	39052	398993092	74.4858
Parijs	38994	399032086	74.4931
boom	38973	399071059	74.5003
35	38912	399109971	74.5076
beschikken	38903	399148874	74.5149
gevaar	38842	399187716	74.5221
gek	38826	399226542	74.5294
ernstig	38823	399265365	74.5366
zoiets	38765	399304130	74.5439
veroorzaken	38690	399342820	74.5511
personeel	38639	399381459	74.5583
dak	38615	399420074	74.5655
minstens	38613	399458687	74.5727
!!	38561	399497248	74.5799
alvast	38560	399535808	74.5871
rechtbank	38530	399574338	74.5943
kader	38421	399612759	74.6015
n	38354	399651113	74.6086
productie	38342	399689455	74.6158
2007	38328	399727783	74.6229
groet	38307	399766090	74.6301
regelen	38262	399804352	74.6372
droog	38248	399842600	74.6444
bedragen	38201	399880801	74.6515
toepassing	38162	399918963	74.6586
instelling	38119	399957082	74.6658
c	38091	399995173	74.6729
groei	38077	400033250	74.68
advocaat	38042	400071292	74.6871
verband	38038	400109330	74.6942
letten	38029	400147359	74.7013
klacht	38022	400185381	74.7084
tegenwoordig	38022	400223403	74.7155
indruk	38019	400261422	74.7226
verantwoordelijk	38012	400299434	74.7297
Radio	37904	400337338	74.7367
stelen	37898	400375236	74.7438
midden	37891	400413127	74.7509
cel	37870	400450997	74.758
schuld	37754	400488751	74.765
haha	37734	400526485	74.772
vakbond	37567	400564052	74.7791
onlangs	37516	400601568	74.7861
vakantie	37494	400639062	74.7931
controleren	37464	400676526	74.8001
beseffen	37420	400713946	74.807
verkeer	37420	400751366	74.814
terrein	37333	400788699	74.821
verplichten	37321	400826020	74.828
80	37225	400863245	74.8349
springen	37199	400900444	74.8419
donderdag	37162	400937606	74.8488
eventueel	37028	400974634	74.8557
kabinet	36903	401011537	74.8626
historisch	36902	401048439	74.8695
II	36895	401085334	74.8764
dertig	36884	401122218	74.8833
recent	36862	401159080	74.8901
eerlijk	36806	401195886	74.897
leiding	36782	401232668	74.9039
moslim	36772	401269440	74.9107
rij	36668	401306108	74.9176
vuur	36636	401342744	74.9244
plus	36631	401379375	74.9313
Patrick	36615	401415990	74.9381
ziek	36521	401452511	74.9449
ministerie	36440	401488951	74.9517
bevinden	36381	401525332	74.9585
spaans	36361	401561693	74.9653
cafÃ©	36354	401598047	74.9721
Mechelen	36321	401634368	74.9789
muur	36319	401670687	74.9857
neer	36276	401706963	74.9924
rechts	36222	401743185	74.9992
stof	36193	401779378	75.0059
eenvoudig	36167	401815545	75.0127
eigenaar	36123	401851668	75.0194
trouwen	36114	401887782	75.0262
divers	36096	401923878	75.0329
antwerps	36073	401959951	75.0397
gevaarlijk	36018	401995969	75.0464
klasse	36012	402031981	75.0531
gewond	36011	402067992	75.0598
papier	36009	402104001	75.0665
70	35987	402139988	75.0733
bezoeken	35954	402175942	75.08
positie	35933	402211875	75.0867
uitvoeren	35848	402247723	75.0934
job	35768	402283491	75.1001
herinneren	35731	402319222	75.1067
Anderlecht	35718	402354940	75.1134
ItaliÃ«	35596	402390536	75.12
flink	35590	402426126	75.1267
gebrek	35562	402461688	75.1333
afstand	35537	402497225	75.14
stevig	35535	402532760	75.1466
York	35520	402568280	75.1532
onderwerp	35468	402603748	75.1598
spoor	35450	402639198	75.1665
beschermen	35448	402674646	75.1731
Amerika	35394	402710040	75.1797
afspraak	35377	402745417	75.1863
helaas	35329	402780746	75.1929
dinsdag	35222	402815968	75.1995
bevatten	35164	402851132	75.206
slot	35159	402886291	75.2126
pijn	35146	402921437	75.2191
verkoop	35133	402956570	75.2257
vrijheid	35103	402991673	75.2323
amper	35081	403026754	75.2388
vereniging	35000	403061754	75.2453
schrijver	34997	403096751	75.2519
Spanje	34983	403131734	75.2584
pb	34978	403166712	75.2649
poging	34930	403201642	75.2715
afsluiten	34908	403236550	75.278
verdrag	34898	403271448	75.2845
agent	34889	403306337	75.291
wilde	34883	403341220	75.2975
taak	34873	403376093	75.304
geheim	34822	403410915	75.3105
boodschap	34694	403445609	75.317
populair	34626	403480235	75.3235
inzake	34591	403514826	75.3299
maatschappij	34556	403549382	75.3364
kwijt	34541	403583923	75.3428
klassiek	34531	403618454	75.3493
Dirk	34456	403652910	75.3557
franstalig	34437	403687347	75.3621
hoofdstad	34434	403721781	75.3686
veiligheid	34430	403756211	75.375
wensen	34428	403790639	75.3814
verklaring	34328	403824967	75.3878
vanwege	34325	403859292	75.3942
straf	34312	403893604	75.4006
verlies	34282	403927886	75.407
aanpassen	34270	403962156	75.4134
dubbel	34269	403996425	75.4198
daarop	34256	404030681	75.4262
regelmatig	34254	404064935	75.4326
wijn	34238	404099173	75.439
medewerker	34228	404133401	75.4454
buitenland	34206	404167607	75.4518
plegen	34197	404201804	75.4582
beweren	34104	404235908	75.4645
00	34096	404270004	75.4709
zolang	34038	404304042	75.4773
samenleving	34025	404338067	75.4836
beweging	34018	404372085	75.49
binnenkort	33995	404406080	75.4963
gezond	33952	404440032	75.5026
Justitie	33921	404473953	75.509
dame	33910	404507863	75.5153
opleiding	33889	404541752	75.5216
omzet	33862	404575614	75.528
eenmaal	33848	404609462	75.5343
schade	33817	404643279	75.5406
zege	33799	404677078	75.5469
welkom	33712	404710790	75.5532
jeugd	33701	404744491	75.5595
erkennen	33695	404778186	75.5658
mevrouw	33685	404811871	75.5721
Le	33675	404845546	75.5784
negatief	33656	404879202	75.5846
onderdeel	33655	404912857	75.5909
wijzigen	33550	404946407	75.5972
se	33454	404979861	75.6034
mond	33448	405013309	75.6097
Genk	33415	405046724	75.6159
vergelijken	33402	405080126	75.6221
aanbieden	33375	405113501	75.6284
bewust	33355	405146856	75.6346
verdenken	33330	405180186	75.6408
reis	33298	405213484	75.647
bijlage	33278	405246762	75.6533
model	33257	405280019	75.6595
behandelen	33242	405313261	75.6657
museum	33230	405346491	75.6719
effect	33094	405379585	75.678
Rusland	33037	405412622	75.6842
telefoon	32944	405445566	75.6904
kwaad	32909	405478475	75.6965
energie	32907	405511382	75.7027
Peeters	32880	405544262	75.7088
overwinning	32867	405577129	75.7149
90	32851	405609980	75.7211
200	32834	405642814	75.7272
erin	32834	405675648	75.7333
tel.	32791	405708439	75.7394
overeenkomst	32763	405741202	75.7456
eiland	32732	405773934	75.7517
1999	32657	405806591	75.7578
wapen	32647	405839238	75.7639
verlopen	32621	405871859	75.7699
plots	32593	405904452	75.776
A	32539	405936991	75.7821
tiental	32514	405969505	75.7882
beschikking	32506	406002011	75.7942
dwingen	32457	406034468	75.8003
geluk	32449	406066917	75.8064
fr.	32396	406099313	75.8124
uitbreiden	32385	406131698	75.8185
dans	32359	406164057	75.8245
zaal	32342	406196399	75.8305
belasting	32303	406228702	75.8366
vijftien	32283	406260985	75.8426
allerlei	32224	406293209	75.8486
alternatief	32167	406325376	75.8546
wakke	32134	406357510	75.8606
verhogen	32133	406389643	75.8666
definitief	32101	406421744	75.8726
eÃ©n	32083	406453827	75.8786
rechtstreeks	32065	406485892	75.8846
Wim	32053	406517945	75.8906
vlucht	32042	406549987	75.8965
vermoorden	31889	406581876	75.9025
computer	31828	406613704	75.9084
nochtans	31824	406645528	75.9144
zwak	31812	406677340	75.9203
tuin	31740	406709080	75.9262
bureau	31706	406740786	75.9322
vullen	31700	406772486	75.9381
onafhankelijk	31696	406804182	75.944
zacht	31690	406835872	75.9499
regen	31665	406867537	75.9558
v	31662	406899199	75.9617
gat	31575	406930774	75.9676
versie	31572	406962346	75.9735
tegelijk	31519	406993865	75.9794
boete	31510	407025375	75.9853
restaurant	31507	407056882	75.9912
Belgen	31503	407088385	75.9971
materiaal	31419	407119804	76.0029
verdedigen	31348	407151152	76.0088
dokter	31336	407182488	76.0146
Londen	31320	407213808	76.0205
elf	31313	407245121	76.0263
Re	31305	407276426	76.0322
Bush	31301	407307727	76.038
sfeer	31294	407339021	76.0438
vieren	31292	407370313	76.0497
investeren	31288	407401601	76.0555
verbinden	31281	407432882	76.0614
thema	31279	407464161	76.0672
Rotterdam	31251	407495412	76.073
1996	31242	407526654	76.0789
zone	31222	407557876	76.0847
neen	31219	407589095	76.0905
patiÃ«nt	31165	407620260	76.0963
traditioneel	31162	407651422	76.1022
tegenstander	31150	407682572	76.108
praktijk	31146	407713718	76.1138
un	31119	407744837	76.1196
ziekte	31065	407775902	76.1254
rapport	31023	407806925	76.1312
zus	30988	407837913	76.137
kampioen	30961	407868874	76.1428
ongeval	30921	407899795	76.1485
tip	30887	407930682	76.1543
alweer	30875	407961557	76.1601
respect	30815	407992372	76.1658
middag	30802	408023174	76.1716
oprichten	30763	408053937	76.1773
televisie	30735	408084672	76.183
trainen	30660	408115332	76.1888
noodzakelijk	30635	408145967	76.1945
principe	30624	408176591	76.2002
Hans	30513	408207104	76.2059
zowat	30480	408237584	76.2116
verbeteren	30450	408268034	76.2173
degelijk	30421	408298455	76.223
aarde	30403	408328858	76.2286
zulk	30393	408359251	76.2343
baas	30382	408389633	76.24
gevangenis	30374	408420007	76.2456
ideaal	30325	408450332	76.2513
afdeling	30316	408480648	76.257
oppakken	30257	408510905	76.2626
aanleiding	30248	408541153	76.2683
EU	30234	408571387	76.2739
journalist	30226	408601613	76.2795
station	30226	408631839	76.2852
winnaar	30224	408662063	76.2908
provinciaal	30210	408692273	76.2965
raar	30206	408722479	76.3021
\	30169	408752648	76.3077
mezelf	30151	408782799	76.3134
erbij	30133	408812932	76.319
kunstenaar	30132	408843064	76.3246
betrekking	30126	408873190	76.3302
commercieel	30100	408903290	76.3359
vliegtuig	30082	408933372	76.3415
prestatie	30041	408963413	76.3471
omstandigheid	29995	408993408	76.3527
reeds	29992	409023400	76.3583
fiets	29983	409053383	76.3639
voldoend	29956	409083339	76.3695
type	29945	409113284	76.3751
tis	29926	409143210	76.3807
vijftig	29881	409173091	76.3862
Kortrijk	29870	409202961	76.3918
plezier	29835	409232796	76.3974
allochtoon	29809	409262605	76.4029
hoek	29799	409292404	76.4085
1995	29795	409322199	76.4141
tijdelijk	29637	409351836	76.4196
toenemen	29637	409381473	76.4251
verantwoordelijkheid	29630	409411103	76.4307
hotel	29615	409440718	76.4362
eveneens	29540	409470258	76.4417
bedoeld	29535	409499793	76.4472
zak	29517	409529310	76.4527
Amerikanen	29510	409558820	76.4582
russisch	29487	409588307	76.4637
koud	29482	409617789	76.4693
Haag	29441	409647230	76.4747
streng	29424	409676654	76.4802
zomaar	29398	409706052	76.4857
verhuizen	29391	409735443	76.4912
droom	29299	409764742	76.4967
Leterme	29275	409794017	76.5022
liberaal	29260	409823277	76.5076
seconde	29227	409852504	76.5131
ontbreken	29225	409881729	76.5185
mis	29199	409910928	76.524
favoriet	29185	409940113	76.5294
wind	29096	409969209	76.5349
realiseren	29089	409998298	76.5403
oorzaak	29044	410027342	76.5457
vestigen	29019	410056361	76.5511
herstellen	28990	410085351	76.5565
Tweede	28935	410114286	76.5619
generatie	28913	410143199	76.5673
onmogelijk	28889	410172088	76.5727
deelnemer	28865	410200953	76.5781
plaat	28833	410229786	76.5835
bijdrage	28810	410258596	76.5889
schoon	28803	410287399	76.5943
manager	28800	410316199	76.5996
blauw	28748	410344947	76.605
zogenaamd	28689	410373636	76.6104
hÃ¨	28653	410402289	76.6157
vermoeden	28647	410430936	76.6211
menselijk	28591	410459527	76.6264
bereid	28582	410488109	76.6317
geweldig	28558	410516667	76.6371
opstellen	28538	410545205	76.6424
grijpen	28536	410573741	76.6477
fan	28486	410602227	76.653
bewijs	28442	410630669	76.6583
plannen	28418	410659087	76.6636
verrassen	28399	410687486	76.6689
Geert	28396	410715882	76.6743
it	28363	410744245	76.6795
vis	28318	410772563	76.6848
vermelden	28307	410800870	76.6901
werkgever	28283	410829153	76.6954
procedure	28248	410857401	76.7007
brandweer	28213	410885614	76.7059
wijk	28189	410913803	76.7112
soldaat	28182	410941985	76.7165
campagne	28181	410970166	76.7217
zetel	28132	410998298	76.727
investering	28126	411026424	76.7322
eh	28117	411054541	76.7375
Meneer	28107	411082648	76.7427
drukken	28106	411110754	76.748
waarvoor	28067	411138821	76.7532
maximum	28018	411166839	76.7584
cultureel	28015	411194854	76.7637
aanval	27971	411222825	76.7689
angst	27950	411250775	76.7741
beschikbaar	27947	411278722	76.7793
illegaal	27934	411306656	76.7845
pagina	27902	411334558	76.7897
tentoonstelling	27871	411362429	76.795
verandering	27849	411390278	76.8001
wetenschappelijk	27808	411418086	76.8053
nadien	27771	411445857	76.8105
onbekend	27765	411473622	76.8157
baseren	27739	411501361	76.8209
dief	27716	411529077	76.8261
knap	27693	411556770	76.8312
is	27684	411584454	76.8364
studeren	27634	411612088	76.8416
blad	27608	411639696	76.8467
noch	27595	411667291	76.8519
training	27580	411694871	76.857
ontkennen	27570	411722441	76.8622
bedenken	27553	411749994	76.8673
coach	27547	411777541	76.8724
auteur	27546	411805087	76.8776
specifiek	27536	411832623	76.8827
huwelijk	27489	411860112	76.8879
voorsprong	27455	411887567	76.893
koffie	27433	411915000	76.8981
karakter	27409	411942409	76.9032
leeg	27368	411969777	76.9083
bloed	27327	411997104	76.9134
min	27308	412024412	76.9185
natuur	27307	412051719	76.9236
handel	27303	412079022	76.9287
smaak	27240	412106262	76.9338
Roeselare	27234	412133496	76.9389
arts	27174	412160670	76.944
aangezien	27141	412187811	76.949
heerlijk	27097	412214908	76.9541
verzamelen	27067	412241975	76.9591
werking	27059	412269034	76.9642
interview	27016	412296050	76.9692
blik	27013	412323063	76.9743
eraan	26931	412349994	76.9793
antwoorden	26923	412376917	76.9843
plant	26922	412403839	76.9894
1998	26921	412430760	76.9944
set	26906	412457666	76.9994
Turkije	26899	412484565	77.0044
gerecht	26890	412511455	77.0095
produceren	26861	412538316	77.0145
indienen	26853	412565169	77.0195
Vlamingen	26850	412592019	77.0245
Michael	26824	412618843	77.0295
lijden	26794	412645637	77.0345
waarheid	26794	412672431	77.0395
post	26788	412699219	77.0445
voertuig	26778	412725997	77.0495
behouden	26757	412752754	77.0545
plaatselijk	26737	412779491	77.0595
snappen	26733	412806224	77.0645
overleg	26715	412832939	77.0695
cd	26707	412859646	77.0745
baby	26697	412886343	77.0794
Michel	26667	412913010	77.0844
glas	26641	412939651	77.0894
scherp	26622	412966273	77.0944
begrip	26598	412992871	77.0993
voordat	26584	413019455	77.1043
gemeenschappelijk	26549	413046004	77.1092
bos	26539	413072543	77.1142
pak	26509	413099052	77.1192
xxx	26483	413125535	77.1241
32	26477	413152012	77.129
prima	26456	413178468	77.134
prins	26453	413204921	77.1389
compleet	26444	413231365	77.1439
eis	26440	413257805	77.1488
chinees	26433	413284238	77.1537
overleven	26433	413310671	77.1587
45	26430	413337101	77.1636
presenteren	26418	413363519	77.1685
medisch	26398	413389917	77.1735
roman	26379	413416296	77.1784
parket	26368	413442664	77.1833
2008	26328	413468992	77.1882
inzetten	26323	413495315	77.1931
dom	26317	413521632	77.198
simpel	26301	413547933	77.203
klagen	26225	413574158	77.2078
overnemen	26205	413600363	77.2127
conclusie	26181	413626544	77.2176
roken	26173	413652717	77.2225
hout	26159	413678876	77.2274
kantoor	26155	413705031	77.2323
oorspronkelijk	26114	413731145	77.2372
keuken	26107	413757252	77.242
netwerk	26103	413783355	77.2469
competitie	26100	413809455	77.2518
nergens	26097	413835552	77.2566
ster	26090	413861642	77.2615
deelnemen	26075	413887717	77.2664
dringen	26062	413913779	77.2712
toestand	26022	413939801	77.2761
Thomas	26016	413965817	77.281
Zondag	26001	413991818	77.2858
consument	25989	414017807	77.2907
beschrijven	25949	414043756	77.2955
zekerheid	25919	414069675	77.3004
redelijk	25907	414095582	77.3052
waarschuwen	25833	414121415	77.31
uitstekend	25831	414147246	77.3148
engels	25816	414173062	77.3197
toegang	25812	414198874	77.3245
behalen	25779	414224653	77.3293
ermee	25777	414250430	77.3341
oplossen	25756	414276186	77.3389
apart	25738	414301924	77.3437
stijl	25735	414327659	77.3485
Nederlanders	25689	414353348	77.3533
vergadering	25684	414379032	77.3581
waaronder	25679	414404711	77.3629
as	25673	414430384	77.3677
gezellig	25671	414456055	77.3725
BRUSSEL	25659	414481714	77.3773
boeken	25647	414507361	77.3821
combinatie	25583	414532944	77.3868
gisteravond	25574	414558518	77.3916
voegen	25569	414584087	77.3964
aanhouden	25562	414609649	77.4012
pour	25540	414635189	77.4059
operatie	25508	414660697	77.4107
reizen	25508	414686205	77.4154
zakken	25486	414711691	77.4202
publiceren	25465	414737156	77.425
comitÃ©	25457	414762613	77.4297
ontmoeten	25451	414788064	77.4345
stemmen	25448	414813512	77.4392
concreet	25441	414838953	77.444
democratie	25422	414864375	77.4487
vermijden	25418	414889793	77.4535
B	25382	414915175	77.4582
beneden	25366	414940541	77.4629
jezelf	25358	414965899	77.4677
opleveren	25321	414991220	77.4724
fles	25308	415016528	77.4771
donker	25297	415041825	77.4818
ochtend	25259	415067084	77.4866
33	25242	415092326	77.4913
behoorlijk	25241	415117567	77.496
Engeland	25236	415142803	77.5007
schuiven	25218	415168021	77.5054
oor	25214	415193235	77.5101
mama	25211	415218446	77.5148
vrachtwagen	25189	415243635	77.5195
interesseren	25187	415268822	77.5242
standpunt	25186	415294008	77.5289
directie	25169	415319177	77.5336
creÃ«ren	25159	415344336	77.5383
vergelijking	25154	415369490	77.543
Charleroi	25150	415394640	77.5477
Pieter	25150	415419790	77.5524
twijfel	25138	415444928	77.5571
bord	25130	415470058	77.5618
h	25110	415495168	77.5665
turks	25104	415520272	77.5712
werkelijk	25100	415545372	77.5758
toevoegen	25089	415570461	77.5805
ontslag	25067	415595528	77.5852
conflict	25065	415620593	77.5899
SP.A	25053	415645646	77.5946
maatschappelijk	25049	415670695	77.5992
doelman	25048	415695743	77.6039
concert	25042	415720785	77.6086
goedkeuren	24999	415745784	77.6133
bloem	24994	415770778	77.6179
Hasselt	24965	415795743	77.6226
vooruit	24961	415820704	77.6272
500	24932	415845636	77.6319
behandeling	24932	415870568	77.6366
EG	24926	415895494	77.6412
lastig	24912	415920406	77.6459
paard	24819	415945225	77.6505
verzekeren	24817	415970042	77.6551
schepen	24814	415994856	77.6598
bier	24783	416019639	77.6644
hoeveelheid	24778	416044417	77.669
Albert	24775	416069192	77.6736
democratisch	24771	416093963	77.6783
aanvaarden	24766	416118729	77.6829
75	24761	416143490	77.6875
verwijzen	24748	416168238	77.6921
que	24738	416192976	77.6967
val	24733	416217709	77.7014
zuiden	24717	416242426	77.706
daarover	24707	416267133	77.7106
aanpak	24674	416291807	77.7152
acteur	24627	416316434	77.7198
geest	24593	416341027	77.7244
pleiten	24592	416365619	77.729
ff	24564	416390183	77.7336
gedrag	24564	416414747	77.7381
spits	24523	416439270	77.7427
eer	24521	416463791	77.7473
aankomen	24504	416488295	77.7519
teken	24500	416512795	77.7564
lid-staat	24475	416537270	77.761
trots	24462	416561732	77.7656
bepaling	24439	416586171	77.7701
aannemen	24410	416610581	77.7747
onderhandeling	24408	416634989	77.7793
une	24404	416659393	77.7838
kern	24389	416683782	77.7884
neus	24376	416708158	77.7929
1994	24366	416732524	77.7975
serie	24327	416756851	77.802
ambtenaar	24301	416781152	77.8065
kust	24278	416805430	77.8111
WK	24240	416829670	77.8156
voorstelling	24202	416853872	77.8201
voortdurend	24183	416878055	77.8246
motor	24161	416902216	77.8291
opzicht	24160	416926376	77.8337
tenminste	24152	416950528	77.8382
ogenblik	24135	416974663	77.8427
steen	24129	416998792	77.8472
aanvankelijk	24116	417022908	77.8517
besteden	24078	417046986	77.8562
ofwel	24063	417071049	77.8607
opvallend	24020	417095069	77.8651
beurt	24018	417119087	77.8696
gedurende	23990	417143077	77.8741
vÃ³Ã³r	23981	417167058	77.8786
boer	23974	417191032	77.8831
schoen	23918	417214950	77.8875
fase	23903	417238853	77.892
vers	23891	417262744	77.8964
individueel	23840	417286584	77.9009
Standard	23839	417310423	77.9053
Guy	23831	417334254	77.9098
talent	23823	417358077	77.9142
chauffeur	23813	417381890	77.9187
puur	23796	417405686	77.9231
mijnheer	23795	417429481	77.9276
voortaan	23737	417453218	77.932
doordat	23732	417476950	77.9364
Koen	23723	417500673	77.9409
!!!	23714	417524387	77.9453
fors	23654	417548041	77.9497
hof	23647	417571688	77.9541
moe	23641	417595329	77.9585
Bert	23568	417618897	77.9629
belofte	23566	417642463	77.9673
:(	23560	417666023	77.9717
wereldwijd	23558	417689581	77.9761
Tour	23547	417713128	77.9805
hopelijk	23537	417736665	77.9849
test	23518	417760183	77.9893
woordvoerder	23516	417783699	77.9937
Kamer	23515	417807214	77.9981
vlees	23510	417830724	78.0025
zover	23495	417854219	78.0069
versterken	23494	417877713	78.0113
concurrentie	23482	417901195	78.0156
tja	23445	417924640	78.02
doden	23438	417948078	78.0244
Zaterdag	23423	417971501	78.0288
renner	23418	417994919	78.0331
gelegenheid	23411	418018330	78.0375
instantie	23355	418041685	78.0419
Robert	23308	418064993	78.0462
getuige	23308	418088301	78.0506
boos	23304	418111605	78.0549
relatief	23276	418134881	78.0593
lezer	23265	418158146	78.0636
uniek	23243	418181389	78.0679
autoriteit	23239	418204628	78.0723
raam	23232	418227860	78.0766
aanbod	23197	418251057	78.081
vlot	23196	418274253	78.0853
Karel	23173	418297426	78.0896
link	23170	418320596	78.0939
Utrecht	23149	418343745	78.0983
vanmorgen	23114	418366859	78.1026
katholiek	23101	418389960	78.1069
redacteur	23099	418413059	78.1112
verkiezen	23093	418436152	78.1155
intern	23076	418459228	78.1198
WalloniÃ«	23059	418482287	78.1241
element	23038	418505325	78.1284
meemaken	23020	418528345	78.1327
qui	23012	418551357	78.137
anderhalf	23004	418574361	78.1413
inhoud	22995	418597356	78.1456
SK	22975	418620331	78.1499
typisch	22965	418643296	78.1542
brug	22964	418666260	78.1585
wÃ©l	22958	418689218	78.1627
Steven	22955	418712173	78.167
waals	22929	418735102	78.1713
behoefte	22924	418758026	78.1756
verwachting	22922	418780948	78.1799
Herman	22917	418803865	78.1842
zestig	22916	418826781	78.1884
digitaal	22910	418849691	78.1927
vinger	22908	418872599	78.197
plaatsvinden	22863	418895462	78.2013
drijven	22847	418918309	78.2055
verenigen	22829	418941138	78.2098
vrede	22827	418963965	78.214
fantastisch	22826	418986791	78.2183
gemeenteraad	22804	419009595	78.2226
tegenstelling	22776	419032371	78.2268
f	22768	419055139	78.2311
eruit	22764	419077903	78.2353
klas	22757	419100660	78.2396
forum	22745	419123405	78.2438
vandaar	22711	419146116	78.248
snelheid	22702	419168818	78.2523
Open	22691	419191509	78.2565
verjaardag	22653	419214162	78.2607
noorden	22632	419236794	78.265
kiezer	22626	419259420	78.2692
Piet	22608	419282028	78.2734
bijkomen	22601	419304629	78.2776
pensioen	22596	419327225	78.2819
Japan	22585	419349810	78.2861
luiden	22576	419372386	78.2903
podium	22570	419394956	78.2945
belegger	22559	419417515	78.2987
afkomstig	22553	419440068	78.3029
norm	22550	419462618	78.3071
bouw	22538	419485156	78.3113
beleven	22528	419507684	78.3155
bedreigen	22523	419530207	78.3197
vanmiddag	22521	419552728	78.324
uitvoer	22470	419575198	78.3281
grappig	22466	419597664	78.3323
merk	22442	419620106	78.3365
uitzondering	22378	419642484	78.3407
jarenlang	22374	419664858	78.3449
regionaal	22339	419687197	78.3491
oplopen	22322	419709519	78.3532
uiterst	22319	419731838	78.3574
verzoek	22319	419754157	78.3616
vechten	22317	419776474	78.3657
Kevin	22298	419798772	78.3699
geluid	22292	419821064	78.374
Kim	22282	419843346	78.3782
maximaal	22278	419865624	78.3824
ei	22276	419887900	78.3865
kleed	22267	419910167	78.3907
volwassen	22250	419932417	78.3948
ineens	22229	419954646	78.399
veertig	22181	419976827	78.4031
commentaar	22151	419998978	78.4073
uitmaken	22135	420021113	78.4114
selectie	22127	420043240	78.4155
camera	22114	420065354	78.4197
Vlaams	22106	420087460	78.4238
Waregem	22081	420109541	78.4279
spannend	22070	420131611	78.432
degene	22068	420153679	78.4361
zen	22057	420175736	78.4403
luchthaven	22052	420197788	78.4444
carriÃ¨	22014	420219802	78.4485
1997	22012	420241814	78.4526
begroting	22006	420263820	78.4567
aanpakken	21980	420285800	78.4608
34	21971	420307771	78.4649
hoi	21961	420329732	78.469
kus	21951	420351683	78.4731
topic	21942	420373625	78.4772
voort	21942	420395567	78.4813
belanden	21932	420417499	78.4854
bescherming	21926	420439425	78.4895
categorie	21912	420461337	78.4936
wetenschap	21870	420483207	78.4977
toevallig	21853	420505060	78.5017
logisch	21845	420526905	78.5058
meerder	21832	420548737	78.5099
dansen	21818	420570555	78.514
Limburg	21814	420592369	78.518
elders	21813	420614182	78.5221
live	21801	420635983	78.5262
tachtig	21740	420657723	78.5302
koninklijk	21732	420679455	78.5343
opmerkelijk	21721	420701176	78.5383
fel	21708	420722884	78.5424
inkomen	21705	420744589	78.5465
trap	21698	420766287	78.5505
hahaha	21697	420787984	78.5546
aardig	21661	420809645	78.5586
effectief	21646	420831291	78.5626
vrijwel	21644	420852935	78.5667
tevens	21638	420874573	78.5707
est	21635	420896208	78.5748
boot	21633	420917841	78.5788
ervaren	21626	420939467	78.5828
scheiden	21623	420961090	78.5869
bewaren	21622	420982712	78.5909
loon	21610	421004322	78.5949
zelden	21604	421025926	78.599
olie	21601	421047527	78.603
betreffende	21596	421069123	78.607
israÃ«lisch	21595	421090718	78.6111
verwijderen	21593	421112311	78.6151
vermoedelijk	21582	421133893	78.6191
aangeven	21581	421155474	78.6232
bewegen	21571	421177045	78.6272
vrouwelijk	21566	421198611	78.6312
voetballen	21546	421220157	78.6352
brood	21530	421241687	78.6393
werkelijkheid	21516	421263203	78.6433
drug	21503	421284706	78.6473
traditie	21462	421306168	78.6513
fietsen	21444	421327612	78.6553
gerust	21415	421349027	78.6593
argument	21393	421370420	78.6633
Aalst	21389	421391809	78.6673
adres	21375	421413184	78.6713
document	21353	421434537	78.6753
bef	21346	421455883	78.6792
commissaris	21341	421477224	78.6832
gevallen	21337	421498561	78.6872
detail	21325	421519886	78.6912
gedacht	21293	421541179	78.6952
milieu	21274	421562453	78.6991
figuur	21260	421583713	78.7031
gouden	21251	421604964	78.7071
afscheid	21185	421626149	78.711
voorbereiding	21180	421647329	78.715
techniek	21168	421668497	78.7189
36	21145	421689642	78.7229
visie	21115	421710757	78.7268
origineel	21107	421731864	78.7308
editie	21104	421752968	78.7347
Fortis	21094	421774062	78.7386
koppel	21078	421795140	78.7426
my	21065	421816205	78.7465
65	21064	421837269	78.7504
locatie	21063	421858332	78.7544
300	21056	421879388	78.7583
stoel	21044	421900432	78.7622
verwerken	21037	421921469	78.7662
ach	21025	421942494	78.7701
Willem	21012	421963506	78.774
show	21008	421984514	78.7779
hallo	20992	422005506	78.7818
invoeren	20987	422026493	78.7858
oppervlakte	20974	422047467	78.7897
maal	20940	422068407	78.7936
150	20939	422089346	78.7975
joods	20939	422110285	78.8014
betekenis	20906	422131191	78.8053
nadenken	20904	422152095	78.8092
oppositie	20897	422172992	78.8131
Janssens	20895	422193887	78.817
ongeluk	20887	422214774	78.8209
afhankelijk	20878	422235652	78.8248
streek	20858	422256510	78.8287
gebeurtenis	20856	422277366	78.8326
redactie	20856	422298222	78.8365
zwijgen	20856	422319078	78.8404
pers	20838	422339916	78.8443
uitleg	20832	422360748	78.8482
lanceren	20815	422381563	78.8521
Yves	20806	422402369	78.8559
koken	20803	422423172	78.8598
zender	20791	422443963	78.8637
communautair	20790	422464753	78.8676
klap	20789	422485542	78.8715
inspanning	20770	422506312	78.8753
evenwel	20753	422527065	78.8792
overname	20753	422547818	78.8831
Iran	20745	422568563	78.887
au	20738	422589301	78.8908
winter	20733	422610034	78.8947
mss	20728	422630762	78.8986
troep	20722	422651484	78.9024
bui	20717	422672201	78.9063
Afrika	20716	422692917	78.9102
succesvol	20703	422713620	78.914
C8	20674	422734294	78.9179
thuisploeg	20663	422754957	78.9218
regeling	20652	422775609	78.9256
Eric	20612	422796221	78.9295
opmerking	20568	422816789	78.9333
buur	20564	422837353	78.9371
toestel	20564	422857917	78.941
geschikt	20559	422878476	78.9448
goal	20555	422899031	78.9487
Maria	20554	422919585	78.9525
tekort	20543	422940128	78.9563
schijnen	20535	422960663	78.9602
ambitie	20530	422981193	78.964
lossen	20524	423001717	78.9678
professioneel	20524	423022241	78.9717
vogel	20521	423042762	78.9755
extreem	20511	423063273	78.9793
ontwerpen	20497	423083770	78.9831
kat	20428	423104198	78.987
toepassen	20365	423124563	78.9908
juridisch	20354	423144917	78.9946
ongetwijfeld	20354	423165271	78.9984
fiscaal	20345	423185616	79.0022
<	20344	423205960	79.006
kijker	20330	423226290	79.0097
99	20324	423246614	79.0135
haven	20323	423266937	79.0173
achteraf	20316	423287253	79.0211
term	20301	423307554	79.0249
J.	20287	423327841	79.0287
aankondigen	20283	423348124	79.0325
anderzijds	20279	423368403	79.0363
japans	20251	423388654	79.0401
out	20236	423408890	79.0438
gents	20235	423429125	79.0476
spanning	20215	423449340	79.0514
verslaan	20212	423469552	79.0552
rand	20183	423489735	79.0589
blok	20182	423509917	79.0627
rit	20175	423530092	79.0665
verzorgen	20162	423550254	79.0702
optie	20161	423570415	79.074
arbeider	20147	423590562	79.0778
herhalen	20146	423610708	79.0815
terugkeren	20140	423630848	79.0853
wens	20119	423650967	79.089
uitbreiding	20101	423671068	79.0928
ontslaan	20094	423691162	79.0965
fabriek	20082	423711244	79.1003
zodra	20077	423731321	79.104
'n	20055	423751376	79.1078
Louis	20036	423771412	79.1115
doorgaan	20012	423791424	79.1153
appartement	20000	423811424	79.119
houding	19987	423831411	79.1227
vangen	19979	423851390	79.1264
gedicht	19972	423871362	79.1302
nederlaag	19966	423891328	79.1339
EUR	19962	423911290	79.1376
ton	19944	423931234	79.1414
Verhofstadt	19940	423951174	79.1451
gewest	19940	423971114	79.1488
weliswaar	19930	423991044	79.1525
ontsnappen	19927	424010971	79.1562
46	19925	424030896	79.16
professor	19922	424050818	79.1637
concurrent	19920	424070738	79.1674
N-VA	19915	424090653	79.1711
nood	19912	424110565	79.1748
Engels	19896	424130461	79.1785
aansluiten	19895	424150356	79.1823
ofzo	19867	424170223	79.186
dringend	19857	424190080	79.1897
zelfstandig	19857	424209937	79.1934
uitslag	19856	424229793	79.1971
wild	19851	424249644	79.2008
uitkomen	19828	424269472	79.2045
euh	19826	424289298	79.2082
uitvoering	19792	424309090	79.2119
bod	19789	424328879	79.2156
that	19776	424348655	79.2193
vermogen	19776	424368431	79.223
:P	19768	424388199	79.2267
Jezus	19761	424407960	79.2303
slim	19760	424427720	79.234
langzaam	19731	424447451	79.2377
ruzie	19729	424467180	79.2414
bespreken	19704	424486884	79.2451
letterlijk	19686	424506570	79.2488
agenda	19682	424526252	79.2524
zwanger	19679	424545931	79.2561
1993	19660	424565591	79.2598
vervoer	19657	424585248	79.2634
??	19640	424604888	79.2671
par	19639	424624527	79.2708
lot	19638	424644165	79.2744
festival	19623	424663788	79.2781
massaal	19620	424683408	79.2818
tenslotte	19617	424703025	79.2854
drank	19616	424722641	79.2891
1992	19607	424742248	79.2928
voorkeur	19602	424761850	79.2964
dromen	19592	424781442	79.3001
islamitisch	19584	424801026	79.3037
analyse	19578	424820604	79.3074
allebei	19571	424840175	79.311
stijging	19559	424859734	79.3147
bezit	19547	424879281	79.3183
komst	19532	424898813	79.322
vertrek	19529	424918342	79.3256
palestijns	19526	424937868	79.3293
supporter	19525	424957393	79.3329
Afghanistan	19513	424976906	79.3366
noteren	19509	424996415	79.3402
hoofdpunt	19507	425015922	79.3438
meenemen	19497	425035419	79.3475
voorbereiden	19485	425054904	79.3511
verhouding	19478	425074382	79.3548
wolk	19472	425093854	79.3584
verstaan	19469	425113323	79.362
heilig	19440	425132763	79.3657
zo.	19435	425152198	79.3693
subsidie	19419	425171617	79.3729
KV	19402	425191019	79.3765
Mark	19356	425210375	79.3801
vzw	19356	425229731	79.3838
structuur	19348	425249079	79.3874
aantrekken	19335	425268414	79.391
sportief	19327	425287741	79.3946
herkennen	19317	425307058	79.3982
begeleiden	19259	425326317	79.4018
scheppen	19255	425345572	79.4054
kwart	19246	425364818	79.409
oproepen	19246	425384064	79.4126
schorsen	19243	425403307	79.4162
pot	19237	425422544	79.4198
papa	19233	425441777	79.4233
belangstelling	19185	425460962	79.4269
wijziging	19181	425480143	79.4305
geleiden	19173	425499316	79.4341
twijfelen	19173	425518489	79.4377
knie	19172	425537661	79.4412
38	19171	425556832	79.4448
Groot-BrittanniÃ«	19165	425575997	79.4484
park	19157	425595154	79.452
teveel	19155	425614309	79.4556
oprichting	19130	425633439	79.4591
westers	19125	425652564	79.4627
with	19118	425671682	79.4663
fonds	19103	425690785	79.4698
islam	19102	425709887	79.4734
Willy	19093	425728980	79.477
omroep	19086	425748066	79.4805
mobiel	19085	425767151	79.4841
schilderij	19073	425786224	79.4876
prive	19054	425805278	79.4912
beroemd	19051	425824329	79.4948
destijds	19046	425843375	79.4983
zijde	19041	425862416	79.5019
herinnering	19026	425881442	79.5054
sindsdien	19025	425900467	79.509
gezondheid	19016	425919483	79.5125
beschuldigen	19007	425938490	79.5161
VVD	18994	425957484	79.5196
reclame	18972	425976456	79.5232
praktisch	18959	425995415	79.5267
snijden	18932	426014347	79.5302
extern	18891	426033238	79.5338
datum	18883	426052121	79.5373
fysiek	18874	426070995	79.5408
koningin	18871	426089866	79.5443
fris	18849	426108715	79.5479
okÃ©	18840	426127555	79.5514
berg	18836	426146391	79.5549
55	18831	426165222	79.5584
CDA	18818	426184040	79.5619
AndrÃ©	18813	426202853	79.5654
be	18807	426221660	79.5689
draad	18800	426240460	79.5724
mn	18782	426259242	79.576
doelstelling	18762	426278004	79.5795
voorzichtig	18762	426296766	79.583
theater	18748	426315514	79.5865
interesse	18743	426334257	79.59
schat	18735	426352992	79.5935
g	18718	426371710	79.5969
inschrijven	18693	426390403	79.6004
Stijn	18689	426409092	79.6039
aanwezigheid	18677	426427769	79.6074
1991	18670	426446439	79.6109
Filip	18670	426465109	79.6144
37	18662	426483771	79.6179
toelaten	18657	426502428	79.6214
02	18647	426521075	79.6248
meester	18646	426539721	79.6283
duiken	18639	426558360	79.6318
1990	18594	426576954	79.6353
album	18584	426595538	79.6387
koop	18553	426614091	79.6422
gemeentebestuur	18549	426632640	79.6457
benieuwd	18544	426651184	79.6491
Het	18531	426669715	79.6526
aandeelhouder	18519	426688234	79.656
wettelijk	18490	426706724	79.6595
ticket	18480	426725204	79.6629
D.	18456	426743660	79.6664
complex	18445	426762105	79.6698
qua	18433	426780538	79.6733
achtergrond	18420	426798958	79.6767
verminderen	18418	426817376	79.6801
haast	18405	426835781	79.6836
mekaar	18383	426854164	79.687
vannacht	18374	426872538	79.6904
geloof	18365	426890903	79.6939
wezen	18355	426909258	79.6973
seks	18334	426927592	79.7007
George	18307	426945899	79.7041
benadrukken	18306	426964205	79.7076
ramp	18291	426982496	79.711
goud	18283	427000779	79.7144
48	18279	427019058	79.7178
kamp	18279	427037337	79.7212
bond	18265	427055602	79.7246
onderhandelen	18263	427073865	79.728
westen	18241	427092106	79.7314
overeenkomstig	18240	427110346	79.7348
Sorry	18235	427128581	79.7382
Martin	18208	427146789	79.7416
zeventig	18202	427164991	79.745
vertonen	18199	427183190	79.7484
schouder	18179	427201369	79.7518
uitleggen	18178	427219547	79.7552
temperatuur	18176	427237723	79.7586
exemplaar	18166	427255889	79.762
Philippe	18164	427274053	79.7654
storten	18162	427292215	79.7688
grap	18154	427310369	79.7722
Chris	18152	427328521	79.7756
aspect	18151	427346672	79.779
wegen	18149	427364821	79.7823
vak	18145	427382966	79.7857
industrie	18117	427401083	79.7891
uitgaan	18112	427419195	79.7925
zicht	18103	427437298	79.7959
beker	18094	427455392	79.7993
zestien	18094	427473486	79.8026
mislukken	18086	427491572	79.806
gen	18078	427509650	79.8094
vooraf	18078	427527728	79.8128
onderzoeker	18072	427545800	79.8161
aflevering	18053	427563853	79.8195
voorspellen	18012	427581865	79.8229
automatisch	17997	427599862	79.8262
01	17989	427617851	79.8296
uiterlijk	17987	427635838	79.8329
sorry	17963	427653801	79.8363
opleggen	17957	427671758	79.8396
vals	17953	427689711	79.843
inzet	17950	427707661	79.8464
pc	17949	427725610	79.8497
grondig	17940	427743550	79.8531
vet	17928	427761478	79.8564
vertegenwoordigen	17925	427779403	79.8597
verbergen	17914	427797317	79.8631
bevoegdheid	17911	427815228	79.8664
Belg	17892	427833120	79.8698
scheidsrechter	17890	427851010	79.8731
wandelen	17887	427868897	79.8765
handig	17879	427886776	79.8798
toegeven	17879	427904655	79.8831
Spelen	17868	427922523	79.8865
werkloos	17860	427940383	79.8898
trouw	17857	427958240	79.8931
Lokeren	17856	427976096	79.8965
Jos	17849	427993945	79.8998
gsm	17849	428011794	79.9031
waarna	17847	428029641	79.9065
hemel	17816	428047457	79.9098
Eddy	17801	428065258	79.9131
veertien	17799	428083057	79.9164
inkomst	17783	428100840	79.9198
voornamelijk	17753	428118593	79.9231
vervolgen	17749	428136342	79.9264
god	17703	428154045	79.9297
passagier	17691	428171736	79.933
B.	17689	428189425	79.9363
duwen	17675	428207100	79.9396
vriendelijk	17664	428224764	79.9429
<p>	17662	428242426	79.9462
kwartaal	17658	428260084	79.9495
correct	17654	428277738	79.9528
evolutie	17638	428295376	79.9561
wetgeving	17607	428312983	79.9594
98	17598	428330581	79.9626
EEG	17571	428348152	79.9659
negentig	17569	428365721	79.9692
letter	17565	428383286	79.9725
verlengen	17545	428400831	79.9758
42	17518	428418349	79.979
Sven	17513	428435862	79.9823
mengen	17504	428453366	79.9856
Polen	17503	428470869	79.9888
regisseur	17482	428488351	79.9921
schenken	17479	428505830	79.9954
literatuur	17470	428523300	79.9986
elektronisch	17464	428540764	80.0019
garanderen	17452	428558216	80.0051
omhoog	17448	428575664	80.0084
India	17441	428593105	80.0116
gevoelig	17438	428610543	80.0149
vertegenwoordiger	17435	428627978	80.0182
bevoegd	17431	428645409	80.0214
kritisch	17430	428662839	80.0247
z'n	17421	428680260	80.0279
stadsbestuur	17410	428697670	80.0312
feliciteren	17407	428715077	80.0344
ondersteunen	17407	428732484	80.0377
bestellen	17386	428749870	80.0409
schatten	17383	428767253	80.0442
eenheid	17378	428784631	80.0474
religieus	17376	428802007	80.0506
hervorming	17366	428819373	80.0539
vervelen	17362	428836735	80.0571
vertalen	17357	428854092	80.0604
duel	17345	428871437	80.0636
uitspreken	17345	428888782	80.0668
tof	17343	428906125	80.0701
collectie	17337	428923462	80.0733
verblijven	17337	428940799	80.0766
M.	17336	428958135	80.0798
vaststelling	17336	428975471	80.083
scherm	17332	428992803	80.0863
PS	17330	429010133	80.0895
combineren	17308	429027441	80.0927
artiest	17302	429044743	80.096
opvolger	17299	429062042	80.0992
verslaggever	17280	429079322	80.1024
TC	17271	429096593	80.1056
Roger	17248	429113841	80.1089
hiervoor	17243	429131084	80.1121
vernieuwen	17223	429148307	80.1153
heersen	17194	429165501	80.1185
uitgeven	17183	429182684	80.1217
tegelijkertijd	17177	429199861	80.1249
VB	17166	429217027	80.1281
aanzien	17160	429234187	80.1313
y	17157	429251344	80.1345
diefstal	17153	429268497	80.1377
streven	17149	429285646	80.1409
hiermee	17130	429302776	80.1441
onderhoud	17128	429319904	80.1473
gevangen	17115	429337019	80.1505
technologie	17111	429354130	80.1537
Les	17085	429371215	80.1569
theorie	17065	429388280	80.1601
opening	17053	429405333	80.1633
vent	17051	429422384	80.1665
verlenen	17043	429439427	80.1696
overkomen	17010	429456437	80.1728
â¬	16987	429473424	80.176
Boonen	16984	429490408	80.1792
tenzij	16967	429507375	80.1823
verrassing	16964	429524339	80.1855
Luik	16956	429541295	80.1887
44	16950	429558245	80.1918
em	16944	429575189	80.195
Pierre	16943	429592132	80.1982
cent	16936	429609068	80.2013
aanpassing	16934	429626002	80.2045
ure	16932	429642934	80.2076
zenne	16929	429659863	80.2108
strategie	16927	429676790	80.214
verdeeld	16926	429693716	80.2171
handelen	16913	429710629	80.2203
toerist	16900	429727529	80.2234
dertien	16897	429744426	80.2266
methode	16895	429761321	80.2297
leraar	16892	429778213	80.2329
meid	16889	429795102	80.236
testen	16879	429811981	80.2392
parkeren	16866	429828847	80.2423
Erik	16864	429845711	80.2455
christelijk	16858	429862569	80.2486
250	16843	429879412	80.2518
VRT	16838	429896250	80.2549
budget	16830	429913080	80.2581
incident	16819	429929899	80.2612
rivier	16815	429946714	80.2643
meten	16809	429963523	80.2675
instrument	16806	429980329	80.2706
toekomstig	16802	429997131	80.2738
schrappen	16797	430013928	80.2769
Kris	16794	430030722	80.28
schuldig	16789	430047511	80.2832
gedeelte	16776	430064287	80.2863
achten	16758	430081045	80.2894
crimineel	16749	430097794	80.2926
ha	16738	430114532	80.2957
kilo	16719	430131251	80.2988
schrikken	16719	430147970	80.3019
kondigen	16713	430164683	80.305
waaraan	16711	430181394	80.3082
firma	16709	430198103	80.3113
paus	16709	430214812	80.3144
lijf	16708	430231520	80.3175
sur	16707	430248227	80.3206
seksueel	16703	430264930	80.3238
betrappen	16665	430281595	80.3269
ondernemer	16659	430298254	80.33
aanzienlijk	16658	430314912	80.3331
tand	16656	430331568	80.3362
aanvallen	16647	430348215	80.3393
onderweg	16637	430364852	80.3424
97	16611	430381463	80.3455
vloer	16597	430398060	80.3486
slaap	16589	430414649	80.3517
Hugo	16562	430431211	80.3548
bibliotheek	16556	430447767	80.3579
industrieel	16531	430464298	80.361
uitdaging	16500	430480798	80.3641
verschillen	16499	430497297	80.3671
samenwerken	16450	430513747	80.3702
400	16448	430530195	80.3733
vlag	16410	430546605	80.3763
kwartier	16384	430562989	80.3794
Beveren	16377	430579366	80.3825
record	16373	430595739	80.3855
gezelschap	16367	430612106	80.3886
dl	16358	430628464	80.3916
zichtbaar	16355	430644819	80.3947
A.	16351	430661170	80.3977
1000	16341	430677511	80.4008
volop	16334	430693845	80.4038
branden	16325	430710170	80.4069
sneeuw	16323	430726493	80.4099
Rome	16321	430742814	80.413
ondernemen	16321	430759135	80.416
zanger	16317	430775452	80.4191
nauw	16305	430791757	80.4221
stelling	16298	430808055	80.4251
Turnhout	16295	430824350	80.4282
protest	16293	430840643	80.4312
El	16286	430856929	80.4343
omschrijven	16272	430873201	80.4373
vluchten	16267	430889468	80.4403
plotseling	16263	430905731	80.4434
2010	16256	430921987	80.4464
39	16252	430938239	80.4494
stom	16241	430954480	80.4525
Ajax	16236	430970716	80.4555
Allez	16236	430986952	80.4585
meedoen	16220	431003172	80.4616
verlangen	16213	431019385	80.4646
jood	16206	431035591	80.4676
achttien	16205	431051796	80.4706
onderling	16195	431067991	80.4737
grijs	16194	431084185	80.4767
zwemmen	16191	431100376	80.4797
producent	16184	431116560	80.4827
Steve	16181	431132741	80.4858
alsnog	16144	431148885	80.4888
ziel	16139	431165024	80.4918
ist	16124	431181148	80.4948
uitsluitend	16123	431197271	80.4978
krachtig	16121	431213392	80.5008
Washington	16112	431229504	80.5038
binden	16111	431245615	80.5068
Jean	16108	431261723	80.5098
broek	16098	431277821	80.5128
oproep	16078	431293899	80.5158
profiteren	16073	431309972	80.5188
roos	16068	431326040	80.5218
signaal	16068	431342108	80.5248
aantrekkelijk	16049	431358157	80.5278
daarentegen	16021	431374178	80.5308
passeren	16020	431390198	80.5338
verdediger	16018	431406216	80.5368
tal	16011	431422227	80.5398
erover	16009	431438236	80.5428
inspireren	16008	431454244	80.5458
permanent	16004	431470248	80.5488
blind	16002	431486250	80.5518
landelijk	15993	431502243	80.5547
strand	15988	431518231	80.5577
kapot	15970	431534201	80.5607
schitterend	15970	431550171	80.5637
#	15966	431566137	80.5667
Ã©	15960	431582097	80.5696
opvallen	15948	431598045	80.5726
confronteren	15943	431613988	80.5756
mede	15937	431629925	80.5786
Oostenrijk	15929	431645854	80.5815
constant	15926	431661780	80.5845
beantwoorden	15925	431677705	80.5875
verdediging	15923	431693628	80.5905
defensie	15910	431709538	80.5934
hierbij	15894	431725432	80.5964
stemming	15892	431741324	80.5994
hevig	15889	431757213	80.6023
tijdschrift	15889	431773102	80.6053
vijand	15889	431788991	80.6083
afloop	15886	431804877	80.6112
uitzending	15865	431820742	80.6142
verkrijgen	15843	431836585	80.6172
pad	15838	431852423	80.6201
inwonen	15820	431868243	80.6231
PvdA	15814	431884057	80.626
e-mail	15811	431899868	80.629
Bergen	15810	431915678	80.6319
Walter	15807	431931485	80.6349
toon	15786	431947271	80.6378
gemeentelijk	15781	431963052	80.6408
Madrid	15774	431978826	80.6437
communicatie	15767	431994593	80.6467
streep	15759	432010352	80.6496
stimuleren	15754	432026106	80.6525
aanvullen	15748	432041854	80.6555
machine	15730	432057584	80.6584
85	15728	432073312	80.6613
vierkant	15710	432089022	80.6643
enthousiast	15705	432104727	80.6672
overig	15701	432120428	80.6701
gezamenlijk	15698	432136126	80.6731
werpen	15687	432151813	80.676
Jacques	15671	432167484	80.6789
aankoop	15671	432183155	80.6819
sowieso	15665	432198820	80.6848
oordelen	15662	432214482	80.6877
verdieping	15662	432230144	80.6906
League	15606	432245750	80.6935
beslag	15606	432261356	80.6965
onverwacht	15601	432276957	80.6994
fractie	15600	432292557	80.7023
huid	15600	432308157	80.7052
stichting	15599	432323756	80.7081
efficiÃ«nt	15589	432339345	80.711
oei	15588	432354933	80.7139
evenement	15585	432370518	80.7168
Belang	15571	432386089	80.7197
43	15559	432401648	80.7226
nabij	15539	432417187	80.7255
topper	15539	432432726	80.7284
Tim	15530	432448256	80.7313
wetenschapper	15520	432463776	80.7342
uitzenden	15506	432479282	80.7371
concept	15495	432494777	80.74
Der	15480	432510257	80.7429
leerkracht	15480	432525737	80.7458
sterkte	15472	432541209	80.7487
waarover	15469	432556678	80.7516
koppelen	15465	432572143	80.7545
potentieel	15461	432587604	80.7574
oosten	15446	432603050	80.7602
verzet	15419	432618469	80.7631
vereisen	15416	432633885	80.766
jagen	15415	432649300	80.7689
verrichten	15412	432664712	80.7718
overzicht	15404	432680116	80.7746
liter	15376	432695492	80.7775
evenwicht	15364	432710856	80.7804
koninkrijk	15364	432726220	80.7832
opklaring	15356	432741576	80.7861
trend	15355	432756931	80.789
gewicht	15354	432772285	80.7918
particulier	15354	432787639	80.7947
International	15350	432802989	80.7976
stadion	15338	432818327	80.8004
ring	15335	432833662	80.8033
EÃ©n	15321	432848983	80.8062
personage	15319	432864302	80.809
staking	15311	432879613	80.8119
lening	15290	432894903	80.8147
beest	15285	432910188	80.8176
roll	15283	432925471	80.8204
C6	15281	432940752	80.8233
republiek	15281	432956033	80.8261
buik	15278	432971311	80.829
huilen	15271	432986582	80.8318
Tony	15257	433001839	80.8347
sparen	15254	433017093	80.8375
aard	15246	433032339	80.8404
aanleggen	15244	433047583	80.8432
grotendeels	15244	433062827	80.8461
just	15244	433078071	80.8489
voedsel	15225	433093296	80.8518
toenmalig	15221	433108517	80.8546
uitzonderlijk	15220	433123737	80.8574
video	15212	433138949	80.8603
San	15204	433154153	80.8631
veroveren	15204	433169357	80.866
binnenlands	15199	433184556	80.8688
wil	15198	433199754	80.8716
schorsing	15192	433214946	80.8745
:s	15184	433230130	80.8773
kruispunt	15172	433245302	80.8801
kasteel	15171	433260473	80.883
administratief	15167	433275640	80.8858
gebruiker	15158	433290798	80.8886
Hallo	15153	433305951	80.8915
vatten	15143	433321094	80.8943
ontwerp	15135	433336229	80.8971
fusie	15131	433351360	80.8999
organisator	15127	433366487	80.9028
coalitie	15126	433381613	80.9056
omwille	15123	433396736	80.9084
vlug	15112	433411848	80.9112
traag	15105	433426953	80.9141
rap	15094	433442047	80.9169
kapitaal	15093	433457140	80.9197
cadeau	15086	433472226	80.9225
aangenaam	15080	433487306	80.9253
ingaan	15062	433502368	80.9281
stilaan	15056	433517424	80.9309
G.	15053	433532477	80.9338
kast	15045	433547522	80.9366
Hey	15043	433562565	80.9394
cursus	15027	433577592	80.9422
benoemen	15019	433592611	80.945
vandaan	15013	433607624	80.9478
dichtbij	14975	433622599	80.9506
uitsluiten	14973	433637572	80.9534
uitnodigen	14968	433652540	80.9562
kerel	14965	433667505	80.959
oefenen	14964	433682469	80.9618
regime	14957	433697426	80.9645
41	14954	433712380	80.9673
aanmerking	14950	433727330	80.9701
66	14949	433742279	80.9729
specialiseren	14945	433757224	80.9757
usd	14937	433772161	80.9785
generaal	14924	433787085	80.9813
borst	14922	433802007	80.9841
uitbrengen	14912	433816919	80.9869
fietser	14909	433831828	80.9896
pijnlijk	14909	433846737	80.9924
aanleg	14879	433861616	80.9952
boeien	14864	433876480	80.998
afrikaans	14861	433891341	81.0007
criterium	14861	433906202	81.0035
wisselen	14829	433921031	81.0063
buigen	14822	433935853	81.0091
afspreken	14785	433950638	81.0118
opbrengst	14781	433965419	81.0146
inzicht	14779	433980198	81.0173
kip	14779	433994977	81.0201
aanvraag	14772	434009749	81.0229
integratie	14771	434024520	81.0256
landschap	14747	434039267	81.0284
schilderen	14741	434054008	81.0311
mes	14739	434068747	81.0339
grondwet	14728	434083475	81.0366
voetballer	14727	434098202	81.0394
not	14724	434112926	81.0421
bekendmaken	14719	434127645	81.0449
kruipen	14713	434142358	81.0476
overbrengen	14711	434157069	81.0504
storen	14709	434171778	81.0531
opname	14701	434186479	81.0558
ondergaan	14692	434201171	81.0586
Hoi	14686	434215857	81.0613
nadeel	14685	434230542	81.0641
verlagen	14680	434245222	81.0668
oorsprong	14676	434259898	81.0696
voren	14667	434274565	81.0723
daad	14666	434289231	81.075
afleggen	14665	434303896	81.0778
Berlijn	14661	434318557	81.0805
wekken	14630	434333187	81.0832
w	14627	434347814	81.086
rente	14615	434362429	81.0887
vastleggen	14612	434377041	81.0914
Lierse	14589	434391630	81.0941
vernietigen	14584	434406214	81.0969
blazen	14583	434420797	81.0996
1989	14582	434435379	81.1023
negeren	14576	434449955	81.105
ondertekenen	14575	434464530	81.1078
portefeuille	14575	434479105	81.1105
single	14572	434493677	81.1132
gedachte	14568	434508245	81.1159
verwerven	14567	434522812	81.1186
aantonen	14524	434537336	81.1213
vrolijk	14523	434551859	81.1241
nuttig	14517	434566376	81.1268
raden	14509	434580885	81.1295
geslacht	14507	434595392	81.1322
Nederlander	14502	434609894	81.1349
stilte	14497	434624391	81.1376
plat	14494	434638885	81.1403
klimmen	14490	434653375	81.143
literair	14475	434667850	81.1457
grieks	14473	434682323	81.1484
Richard	14468	434696791	81.1511
kmÂ²	14457	434711248	81.1538
held	14456	434725704	81.1565
kampioenschap	14453	434740157	81.1592
statistiek	14451	434754608	81.1619
blessure	14445	434769053	81.1646
hierdoor	14444	434783497	81.1673
dr.	14443	434797940	81.17
evenmin	14439	434812379	81.1727
bom	14437	434826816	81.1754
stroom	14434	434841250	81.1781
United	14430	434855680	81.1808
mail	14425	434870105	81.1835
collectief	14421	434884526	81.1862
schaal	14419	434898945	81.1889
kussen	14416	434913361	81.1915
Portugal	14411	434927772	81.1942
achterstand	14411	434942183	81.1969
S.	14404	434956587	81.1996
vreselijk	14391	434970978	81.2023
religie	14383	434985361	81.205
vestiging	14374	434999735	81.2077
architect	14364	435014099	81.2103
hoofdstuk	14362	435028461	81.213
EK	14354	435042815	81.2157
bezorgen	14345	435057160	81.2184
duurzaam	14331	435071491	81.2211
vluchteling	14325	435085816	81.2237
excuus	14318	435100134	81.2264
2009	14314	435114448	81.2291
premie	14313	435128761	81.2318
omgaan	14303	435143064	81.2344
wassen	14300	435157364	81.2371
20.00	14299	435171663	81.2398
munt	14299	435185962	81.2424
muzikaal	14287	435200249	81.2451
schelen	14286	435214535	81.2478
realiteit	14279	435228814	81.2504
verscheiden	14264	435243078	81.2531
Duitsers	14251	435257329	81.2558
Zulte	14246	435271575	81.2584
respectievelijk	14235	435285810	81.2611
verbetering	14227	435300037	81.2637
boord	14218	435314255	81.2664
ingang	14216	435328471	81.269
St.	14215	435342686	81.2717
James	14213	435356899	81.2743
Grote	14212	435371111	81.277
trachten	14211	435385322	81.2797
gas	14210	435399532	81.2823
Zwitserland	14189	435413721	81.285
super	14189	435427910	81.2876
VN	14184	435442094	81.2902
plein	14164	435456258	81.2929
werkloosheid	14164	435470422	81.2955
socialistisch	14146	435484568	81.2982
verliefd	14133	435498701	81.3008
doos	14131	435512832	81.3035
nat	14130	435526962	81.3061
melk	14127	435541089	81.3087
are	14117	435555206	81.3114
belachelijk	14114	435569320	81.314
bakken	14100	435583420	81.3166
hanteren	14088	435597508	81.3193
evenveel	14082	435611590	81.3219
Kristof	14076	435625666	81.3245
amsterdams	14069	435639735	81.3271
Dendermonde	14065	435653800	81.3298
chat	14064	435667864	81.3324
C.	14044	435681908	81.335
domein	14042	435695950	81.3376
marokkaans	14040	435709990	81.3403
paal	14039	435724029	81.3429
da's	14031	435738060	81.3455
botsen	14030	435752090	81.3481
staatssecretaris	14030	435766120	81.3507
braaf	14029	435780149	81.3534
pand	14017	435794166	81.356
concentreren	14014	435808180	81.3586
vertraging	14007	435822187	81.3612
Kurt	13994	435836181	81.3638
rolleyes	13989	435850170	81.3664
decennium	13983	435864153	81.369
file	13982	435878135	81.3717
nieuwkomer	13979	435892114	81.3743
cool	13966	435906080	81.3769
Haha	13957	435920037	81.3795
iraaks	13956	435933993	81.3821
voornaam	13951	435947944	81.3847
Rik	13950	435961894	81.3873
Moskou	13949	435975843	81.3899
arresteren	13947	435989790	81.3925
geleidelijk	13947	436003737	81.3951
Jeroen	13943	436017680	81.3977
liegen	13942	436031622	81.4003
naartoe	13938	436045560	81.4029
functioneren	13935	436059495	81.4055
integendeel	13919	436073414	81.4081
respecteren	13916	436087330	81.4107
huren	13909	436101239	81.4133
opmerken	13902	436115141	81.4159
di	13899	436129040	81.4185
olympisch	13892	436142932	81.4211
zonnig	13886	436156818	81.4237
Cercle	13882	436170700	81.4263
France	13878	436184578	81.4289
gedeeltelijk	13874	436198452	81.4314
prettig	13870	436212322	81.434
bak	13869	436226191	81.4366
alcohol	13856	436240047	81.4392
gunstig	13846	436253893	81.4418
Zweden	13827	436267720	81.4444
Barcelona	13825	436281545	81.447
zwembad	13825	436295370	81.4495
lokken	13817	436309187	81.4521
ondervinden	13814	436323001	81.4547
DL	13811	436336812	81.4573
terugkeer	13807	436350619	81.4599
beheer	13805	436364424	81.4624
r	13800	436378224	81.465
Tienen	13798	436392022	81.4676
bestrijden	13793	436405815	81.4702
52	13791	436419606	81.4727
drama	13779	436433385	81.4753
Bank	13765	436447150	81.4779
opgeven	13762	436460912	81.4804
vergunning	13740	436474652	81.483
Charles	13739	436488391	81.4856
Danny	13737	436502128	81.4881
bende	13731	436515859	81.4907
by	13729	436529588	81.4933
toeschouwer	13728	436543316	81.4958
duo	13723	436557039	81.4984
imago	13718	436570757	81.501
namens	13717	436584474	81.5035
hetgeen	13704	436598178	81.5061
scenario	13701	436611879	81.5086
staken	13690	436625569	81.5112
Guido	13689	436639258	81.5137
instituut	13683	436652941	81.5163
doek	13682	436666623	81.5188
speeldag	13664	436680287	81.5214
identiteit	13658	436693945	81.5239
indrukwekkend	13653	436707598	81.5265
bodem	13646	436721244	81.529
voorschrift	13646	436734890	81.5316
arabisch	13638	436748528	81.5341
mja	13637	436762165	81.5367
bezitten	13618	436775783	81.5392
amai	13602	436789385	81.5418
conservatief	13601	436802986	81.5443
moreel	13601	436816587	81.5468
20.30	13599	436830186	81.5494
toeval	13599	436843785	81.5519
toernooi	13598	436857383	81.5545
score	13595	436870978	81.557
humor	13585	436884563	81.5595
creatief	13556	436898119	81.5621
III	13535	436911654	81.5646
emotioneel	13533	436925187	81.5671
omkeren	13527	436938714	81.5696
parking	13524	436952238	81.5722
P.	13520	436965758	81.5747
tabel	13517	436979275	81.5772
afnemen	13513	436992788	81.5797
innemen	13509	437006297	81.5823
verschrikkelijk	13490	437019787	81.5848
spijtig	13488	437033275	81.5873
vrijwilliger	13487	437046762	81.5898
what	13487	437060249	81.5923
registreren	13477	437073726	81.5948
spijt	13469	437087195	81.5974
Vrijdag	13459	437100654	81.5999
radicaal	13455	437114109	81.6024
wonder	13452	437127561	81.6049
landbouw	13444	437141005	81.6074
symbool	13432	437154437	81.6099
massa	13424	437167861	81.6124
vuil	13423	437181284	81.6149
Marcel	13419	437194703	81.6174
nr	13417	437208120	81.6199
miss	13409	437221529	81.6224
uitzien	13404	437234933	81.6249
socialist	13398	437248331	81.6274
onafhankelijkheid	13394	437261725	81.6299
no	13375	437275100	81.6324
jury	13368	437288468	81.6349
hedendaags	13354	437301822	81.6374
eeuwig	13344	437315166	81.6399
lenen	13339	437328505	81.6424
online	13331	437341836	81.6449
schrik	13329	437355165	81.6474
btw	13328	437368493	81.6499
saai	13325	437381818	81.6524
volstaan	13315	437395133	81.6549
verbod	13299	437408432	81.6573
wereldkampioen	13298	437421730	81.6598
bruin	13293	437435023	81.6623
helder	13286	437448309	81.6648
spul	13279	437461588	81.6673
overeenstemming	13271	437474859	81.6697
aanbrengen	13270	437488129	81.6722
inclusief	13264	437501393	81.6747
oordeel	13262	437514655	81.6772
toekennen	13261	437527916	81.6796
World	13248	437541164	81.6821
u.	13244	437554408	81.6846
berekenen	13230	437567638	81.6871
Maes	13224	437580862	81.6895
onzer	13221	437594083	81.692
tekening	13218	437607301	81.6945
Rob	13207	437620508	81.6969
misdaad	13201	437633709	81.6994
do	13199	437646908	81.7019
Spa	13192	437660100	81.7043
emotie	13183	437673283	81.7068
dateren	13181	437686464	81.7092
slepen	13179	437699643	81.7117
omvatten	13178	437712821	81.7142
voorwerp	13175	437725996	81.7166
congres	13170	437739166	81.7191
homo	13165	437752331	81.7215
o.a.	13163	437765494	81.724
dialoog	13162	437778656	81.7264
bescheiden	13160	437791816	81.7289
47	13144	437804960	81.7314
hielen	13133	437818093	81.7338
blank	13124	437831217	81.7363
prinses	13113	437844330	81.7387
City	13110	437857440	81.7412
aantreffen	13110	437870550	81.7436
dikwijls	13100	437883650	81.746
diezelfde	13091	437896741	81.7485
afbeelding	13087	437909828	81.7509
bezwaar	13085	437922913	81.7534
hoogtepunt	13080	437935993	81.7558
beperking	13065	437949058	81.7583
gerechtelijk	13063	437962121	81.7607
ophalen	13060	437975181	81.7631
integreren	13055	437988236	81.7656
scheiding	13053	438001289	81.768
enzo	13050	438014339	81.7704
Da's	13041	438027380	81.7729
Bruno	13038	438040418	81.7753
stedelijk	13038	438053456	81.7777
presteren	13034	438066490	81.7802
lelijk	13030	438079520	81.7826
Saddam	13026	438092546	81.785
groente	13024	438105570	81.7875
daartoe	13017	438118587	81.7899
doorgaans	13006	438131593	81.7923
kanaal	13002	438144595	81.7948
toestemming	12999	438157594	81.7972
Westerlo	12992	438170586	81.7996
correspondent	12991	438183577	81.802
toezicht	12986	438196563	81.8045
definitie	12985	438209548	81.8069
tent	12980	438222528	81.8093
financieren	12972	438235500	81.8117
kartel	12971	438248471	81.8142
bol	12960	438261431	81.8166
Groningen	12955	438274386	81.819
dodelijk	12940	438287326	81.8214
sigaret	12938	438300264	81.8238
daling	12931	438313195	81.8262
Griekenland	12928	438326123	81.8287
opeen	12928	438339051	81.8311
college	12921	438351972	81.8335
proef	12920	438364892	81.8359
verspreid	12920	438377812	81.8383
armoede	12909	438390721	81.8407
vooruitgang	12907	438403628	81.8431
Zaken	12905	438416533	81.8455
bestemming	12904	438429437	81.8479
an	12903	438442340	81.8503
garantie	12902	438455242	81.8528
Bob	12901	438468143	81.8552
cheer	12900	438481043	81.8576
privÃ©	12899	438493942	81.86
tocht	12893	438506835	81.8624
Champions	12892	438519727	81.8648
Luxemburg	12872	438532599	81.8672
verwijten	12857	438545456	81.8696
schot	12844	438558300	81.872
zout	12840	438571140	81.8744
Martens	12833	438583973	81.8768
aanspreken	12831	438596804	81.8792
genre	12830	438609634	81.8816
behoud	12823	438622457	81.884
verbinding	12822	438635279	81.8864
AustraliÃ«	12816	438648095	81.8888
intro	12816	438660911	81.8912
selecteren	12806	438673717	81.8935
spectaculair	12806	438686523	81.8959
bezetten	12805	438699328	81.8983
gans	12803	438712131	81.9007
minister-president	12800	438724931	81.9031
geboorte	12789	438737720	81.9055
bijeenkomst	12788	438750508	81.9079
up	12787	438763295	81.9103
gevecht	12784	438776079	81.9127
poot	12784	438788863	81.915
vat	12776	438801639	81.9174
H.	12774	438814413	81.9198
voorts	12766	438827179	81.9222
Congo	12760	438839939	81.9246
mannelijk	12760	438852699	81.927
studio	12758	438865457	81.9293
03	12748	438878205	81.9317
Smet	12740	438890945	81.9341
Jo	12738	438903683	81.9365
Wereldoorlog	12727	438916410	81.9388
Egypte	12721	438929131	81.9412
hit	12710	438941841	81.9436
kloof	12707	438954548	81.946
Wouter	12704	438967252	81.9483
SP	12700	438979952	81.9507
grondgebied	12699	438992651	81.9531
priester	12694	439005345	81.9555
zelfmoord	12690	439018035	81.9578
topman	12688	439030723	81.9602
vrucht	12666	439043389	81.9626
limburgs	12665	439056054	81.9649
Balkenende	12661	439068715	81.9673
varen	12656	439081371	81.9696
hiervan	12645	439094016	81.972
49	12641	439106657	81.9744
vlakbij	12640	439119297	81.9767
Zuid-Afrika	12638	439131935	81.9791
daaraan	12637	439144572	81.9814
aanwijzen	12636	439157208	81.9838
fundamenteel	12627	439169835	81.9862
uitstel	12621	439182456	81.9885
besparen	12620	439195076	81.9909
voorstander	12610	439207686	81.9932
bondscoach	12600	439220286	81.9956
bereiden	12598	439232884	81.9979
1981	12597	439245481	82.0003
regenen	12595	439258076	82.0026
expert	12584	439270660	82.005
AA	12583	439283243	82.0073
schudden	12583	439295826	82.0097
overdreven	12581	439308407	82.012
10.000	12574	439320981	82.0144
verstand	12568	439333549	82.0167
prioriteit	12534	439346083	82.0191
examen	12525	439358608	82.0214
koper	12525	439371133	82.0237
ijs	12514	439383647	82.0261
cm	12513	439396160	82.0284
eigendom	12509	439408669	82.0307
instellen	12506	439421175	82.0331
your	12506	439433681	82.0354
gulden	12485	439446166	82.0377
optrekken	12477	439458643	82.0401
cliÃ«nt	12470	439471113	82.0424
verspreiden	12468	439483581	82.0447
M	12466	439496047	82.0471
kampen	12463	439508510	82.0494
Obama	12460	439520970	82.0517
informeren	12460	439533430	82.054
toegankelijk	12457	439545887	82.0564
vanochtend	12454	439558341	82.0587
specialist	12453	439570794	82.061
verplichting	12452	439583246	82.0633
enigszins	12449	439595695	82.0657
kring	12444	439608139	82.068
amendement	12439	439620578	82.0703
nul	12439	439633017	82.0726
gauw	12435	439645452	82.075
pikken	12427	439657879	82.0773
Christophe	12426	439670305	82.0796
begraven	12420	439682725	82.0819
terugkomen	12420	439695145	82.0842
Oudenaarde	12416	439707561	82.0865
burgerlijk	12415	439719976	82.0889
waaruit	12407	439732383	82.0912
medaille	12403	439744786	82.0935
onzin	12401	439757187	82.0958
fraude	12392	439769579	82.0981
ontmoeting	12385	439781964	82.1004
beschadigen	12383	439794347	82.1027
revolutie	12369	439806716	82.1051
staal	12349	439819065	82.1074
gelukken	12329	439831394	82.1097
namiddag	12325	439843719	82.112
zwitsers	12325	439856044	82.1143
uitgaaf	12322	439868366	82.1166
VTM	12310	439880676	82.1189
slikken	12299	439892975	82.1212
trappen	12292	439905267	82.1235
onderscheiden	12286	439917553	82.1257
werkzaamheid	12284	439929837	82.128
strak	12268	439942105	82.1303
opereren	12267	439954372	82.1326
asielzoeker	12266	439966638	82.1349
erkenning	12263	439978901	82.1372
dank	12261	439991162	82.1395
120	12249	440003411	82.1418
56	12247	440015658	82.1441
bloot	12245	440027903	82.1463
onvoldoend	12240	440040143	82.1486
inbraak	12239	440052382	82.1509
reiziger	12238	440064620	82.1532
enerzijds	12228	440076848	82.1555
verbazen	12221	440089069	82.1578
kortom	12212	440101281	82.16
mentaal	12210	440113491	82.1623
opbouwen	12205	440125696	82.1646
Canada	12203	440137899	82.1669
invullen	12199	440150098	82.1692
tarief	12196	440162294	82.1714
geur	12195	440174489	82.1737
bevrijden	12193	440186682	82.176
Zaventem	12192	440198874	82.1783
analist	12187	440211061	82.1805
handelaar	12185	440223246	82.1828
Pakistan	12180	440235426	82.1851
Kosovo	12178	440247604	82.1874
Witte	12177	440259781	82.1896
lengte	12174	440271955	82.1919
moed	12165	440284120	82.1942
geestelijk	12164	440296284	82.1965
have	12160	440308444	82.1987
jongeman	12158	440320602	82.201
zuiver	12157	440332759	82.2033
terechtkomen	12149	440344908	82.2055
bevallen	12136	440357044	82.2078
OCMW	12134	440369178	82.2101
begeleiding	12127	440381305	82.2123
pools	12124	440393429	82.2146
Cup	12118	440405547	82.2168
Fransen	12110	440417657	82.2191
bovenop	12098	440429755	82.2214
honger	12087	440441842	82.2236
Harry	12077	440453919	82.2259
enquÃªte	12067	440465986	82.2281
54	12066	440478052	82.2304
traan	12061	440490113	82.2326
vervullen	12060	440502173	82.2349
terras	12056	440514229	82.2371
racisme	12054	440526283	82.2394
bestemmen	12053	440538336	82.2416
1988	12049	440550385	82.2439
onschuldig	12049	440562434	82.2461
fenomeen	12046	440574480	82.2484
verdelen	12040	440586520	82.2506
vergelijkbaar	12039	440598559	82.2529
51	12038	440610597	82.2551
golf	12038	440622635	82.2574
zot	12033	440634668	82.2596
uitwerken	12026	440646694	82.2619
deels	12023	440658717	82.2641
accepteren	12019	440670736	82.2664
getuigen	12014	440682750	82.2686
Sint-Niklaas	12010	440694760	82.2708
verplaatsen	12007	440706767	82.2731
bevorderen	12000	440718767	82.2753
exclusief	12000	440730767	82.2776
all	11999	440742766	82.2798
afwerken	11997	440754763	82.282
tempo	11979	440766742	82.2843
misbruik	11973	440778715	82.2865
huisarts	11965	440790680	82.2887
bestuderen	11962	440802642	82.291
management	11959	440814601	82.2932
Leo	11955	440826556	82.2954
software	11955	440838511	82.2977
medicijn	11954	440850465	82.2999
verantwoorden	11950	440862415	82.3021
Ford	11944	440874359	82.3044
jawel	11940	440886299	82.3066
inzien	11933	440898232	82.3088
Henin	11930	440910162	82.3111
il	11929	440922091	82.3133
E.	11925	440934016	82.3155
status	11921	440945937	82.3177
mikken	11919	440957856	82.32
pink	11919	440969775	82.3222
Markt	11914	440981689	82.3244
Real	11914	440993603	82.3266
vergoeding	11910	441005513	82.3289
installatie	11908	441017421	82.3311
58	11907	441029328	82.3333
aandoen	11907	441041235	82.3355
nogmaals	11907	441053142	82.3377
voorleggen	11905	441065047	82.34
opkomen	11902	441076949	82.3422
V.	11898	441088847	82.3444
leeuw	11895	441100742	82.3466
natie	11892	441112634	82.3489
bijten	11890	441124524	82.3511
uitgever	11889	441136413	82.3533
West-Vlaanderen	11887	441148300	82.3555
zenden	11879	441160179	82.3577
Palestijnen	11868	441172047	82.3599
Antwerp	11867	441183914	82.3622
kunstwerk	11861	441195775	82.3644
beoordelen	11850	441207625	82.3666
cruciaal	11847	441219472	82.3688
Olympische	11822	441231294	82.371
klimaat	11818	441243112	82.3732
2011	11817	441254929	82.3754
jas	11817	441266746	82.3776
afwachten	11813	441278559	82.3798
toren	11812	441290371	82.382
RenÃ©	11808	441302179	82.3842
Vincent	11806	441313985	82.3864
afschaffen	11801	441325786	82.3886
ontzettend	11787	441337573	82.3908
handicap	11786	441349359	82.393
ex	11780	441361139	82.3952
2,5	11768	441372907	82.3974
schatting	11760	441384667	82.3996
terugvinden	11759	441396426	82.4018
afronden	11758	441408184	82.404
schreeuwen	11758	441419942	82.4062
echtgenoot	11747	441431689	82.4084
fruit	11741	441443430	82.4106
vergroten	11740	441455170	82.4128
monument	11738	441466908	82.415
basisschool	11734	441478642	82.4172
bad	11713	441490355	82.4194
intellectueel	11712	441502067	82.4216
bijeen	11711	441513778	82.4237
RC	11707	441525485	82.4259
publicatie	11707	441537192	82.4281
aanvragen	11704	441548896	82.4303
werkgelegenheid	11700	441560596	82.4325
formule	11691	441572287	82.4347
Fra	11674	441583961	82.4368
agressief	11674	441595635	82.439
poezie	11674	441607309	82.4412
Theo	11670	441618979	82.4434
53	11657	441630636	82.4456
nek	11654	441642290	82.4477
uitstellen	11653	441653943	82.4499
mensenrecht	11651	441665594	82.4521
72	11650	441677244	82.4543
R.	11640	441688884	82.4564
bar	11640	441700524	82.4586
ongelooflijk	11637	441712161	82.4608
Els	11620	441723781	82.4629
echtgenote	11620	441735401	82.4651
strafschop	11608	441747009	82.4673
Mieke	11592	441758601	82.4694
onduidelijk	11588	441770189	82.4716
Jacobs	11583	441781772	82.4738
route	11582	441793354	82.4759
fraai	11581	441804935	82.4781
gerucht	11574	441816509	82.4803
middenvelder	11571	441828080	82.4824
love	11567	441839647	82.4846
blokkeren	11565	441851212	82.4867
voordien	11562	441862774	82.4889
Maandag	11561	441874335	82.491
gouverneur	11558	441885893	82.4932
sleutel	11558	441897451	82.4954
Ann	11550	441909001	82.4975
code	11550	441920551	82.4997
Mexico	11543	441932094	82.5018
terrorisme	11537	441943631	82.504
kennelijk	11535	441955166	82.5061
referendum	11534	441966700	82.5083
affiche	11524	441978224	82.5104
dÃ©	11524	441989748	82.5126
strijden	11521	442001269	82.5147
bijdragen	11520	442012789	82.5169
missie	11516	442024305	82.519
pauze	11507	442035812	82.5212
Westen	11504	442047316	82.5233
NMBS	11503	442058819	82.5255
L	11499	442070318	82.5276
kheb	11499	442081817	82.5298
afval	11497	442093314	82.5319
Sp.	11489	442104803	82.5341
ingewikkeld	11485	442116288	82.5362
62	11483	442127771	82.5384
godsdienst	11483	442139254	82.5405
kleding	11467	442150721	82.5426
Olivier	11454	442162175	82.5448
elektrisch	11431	442173606	82.5469
portret	11410	442185016	82.549
kenmerk	11407	442196423	82.5512
lijk	11406	442207829	82.5533
minimaal	11393	442219222	82.5554
hechten	11389	442230611	82.5576
schakelen	11386	442241997	82.5597
verzetten	11385	442253382	82.5618
supermarkt	11384	442264766	82.5639
kanker	11383	442276149	82.5661
Di	11379	442287528	82.5682
Jef	11378	442298906	82.5703
landgenoot	11378	442310284	82.5724
vanzelf	11373	442321657	82.5746
duidelijkheid	11369	442333026	82.5767
context	11366	442344392	82.5788
67	11365	442355757	82.5809
allicht	11359	442367116	82.583
anoniem	11347	442378463	82.5852
kaas	11329	442389792	82.5873
installeren	11326	442401118	82.5894
strategisch	11323	442412441	82.5915
15.00	11316	442423757	82.5936
zeventien	11300	442435057	82.5957
terrorist	11292	442446349	82.5978
verzekering	11283	442457632	82.5999
this	11270	442468902	82.602
strikt	11257	442480159	82.6041
invoering	11256	442491415	82.6062
Beerschot	11253	442502668	82.6083
verwonding	11230	442513898	82.6104
promotie	11209	442525107	82.6125
avontuur	11207	442536314	82.6146
zodanig	11206	442547520	82.6167
buit	11202	442558722	82.6188
stress	11190	442569912	82.6209
gemeenteraadsverkiezing	11187	442581099	82.623
reputatie	11187	442592286	82.6251
toeristisch	11183	442603469	82.6272
spontaan	11178	442614647	82.6293
allereerst	11176	442625823	82.6313
Rode	11172	442636995	82.6334
negentien	11172	442648167	82.6355
Henk	11161	442659328	82.6376
koe	11160	442670488	82.6397
ruimtelijk	11156	442681644	82.6418
tweemaal	11150	442692794	82.6438
Roland	11148	442703942	82.6459
journaal	11139	442715081	82.648
junior	11138	442726219	82.6501
louter	11134	442737353	82.6522
deelname	11123	442748476	82.6542
opvolgen	11123	442759599	82.6563
opbouw	11121	442770720	82.6584
Clijsters	11116	442781836	82.6605
onzeker	11111	442792947	82.6625
KBC	11109	442804056	82.6646
Standaard	11107	442815163	82.6667
Philips	11094	442826257	82.6688
failliet	11087	442837344	82.6708
voorjaar	11086	442848430	82.6729
Dedecker	11085	442859515	82.675
voeding	11083	442870598	82.677
zelfde	11083	442881681	82.6791
lezing	11069	442892750	82.6812
BraziliÃ«	11067	442903817	82.6832
57	11059	442914876	82.6853
essentieel	11054	442925930	82.6874
paleis	11053	442936983	82.6894
verder	11052	442948035	82.6915
zalig	11048	442959083	82.6936
uitkering	11046	442970129	82.6956
proeven	11041	442981170	82.6977
vertaling	11036	442992206	82.6997
Nico	11034	443003240	82.7018
elftal	11034	443014274	82.7039
adem	11008	443025282	82.7059
vernemen	11008	443036290	82.708
Top	11005	443047295	82.71
gigantisch	11004	443058299	82.7121
evolueren	11002	443069301	82.7141
anderlecht	10997	443080298	82.7162
herstel	10997	443091295	82.7182
christen	10994	443102289	82.7203
You	10993	443113282	82.7223
Alex	10991	443124273	82.7244
al.	10988	443135261	82.7264
betaling	10988	443146249	82.7285
regeren	10988	443157237	82.7305
wekelijks	10980	443168217	82.7326
inflatie	10977	443179194	82.7346
amerikaans	10976	443190170	82.7367
rock	10975	443201145	82.7387
storm	10970	443212115	82.7408
hierover	10968	443223083	82.7428
gehandicapt	10959	443234042	82.7449
1987	10953	443244995	82.7469
centimeter	10951	443255946	82.749
Ieper	10950	443266896	82.751
althans	10946	443277842	82.7531
rendement	10943	443288785	82.7551
1980	10940	443299725	82.7571
Laurent	10938	443310663	82.7592
gewoonte	10932	443321595	82.7612
familielid	10931	443332526	82.7633
beheersen	10928	443343454	82.7653
Reynders	10927	443354381	82.7673
lui	10926	443365307	82.7694
zeldzaam	10923	443376230	82.7714
Max	10913	443387143	82.7735
heus	10906	443398049	82.7755
vanzelfsprekend	10906	443408955	82.7775
zucht	10900	443419855	82.7796
Simon	10896	443430751	82.7816
daaruit	10896	443441647	82.7836
omvang	10894	443452541	82.7857
opstaan	10893	443463434	82.7877
2de	10892	443474326	82.7897
Museum	10891	443485217	82.7918
back	10887	443496104	82.7938
paars	10871	443506975	82.7958
staatshervorming	10868	443517843	82.7979
aanvaller	10866	443528709	82.7999
administratie	10854	443539563	82.8019
tak	10848	443550411	82.8039
68	10845	443561256	82.806
Microsoft	10845	443572101	82.808
Maarten	10842	443582943	82.81
Street	10840	443593783	82.812
balans	10839	443604622	82.8141
zuster	10830	443615452	82.8161
minderheid	10812	443626264	82.8181
hectare	10809	443637073	82.8201
Moeskroen	10806	443647879	82.8221
documentaire	10806	443658685	82.8242
biologisch	10805	443669490	82.8262
aanwijzing	10800	443680290	82.8282
scÃ¨ne	10798	443691088	82.8302
waarderen	10798	443701886	82.8322
600	10796	443712682	82.8342
verstandig	10785	443723467	82.8363
beheren	10784	443734251	82.8383
transfer	10783	443745034	82.8403
ingreep	10781	443755815	82.8423
dragegen	10774	443766589	82.8443
82	10773	443777362	82.8463
Heer	10771	443788133	82.8483
klok	10766	443798899	82.8503
verstrekken	10762	443809661	82.8523
ruil	10761	443820422	82.8544
kapitein	10759	443831181	82.8564
fax	10754	443841935	82.8584
aankomst	10752	443852687	82.8604
melding	10747	443863434	82.8624
uitzicht	10746	443874180	82.8644
vasthouden	10738	443884918	82.8664
keuren	10725	443895643	82.8684
ce	10723	443906366	82.8704
leuvens	10722	443917088	82.8724
senior	10720	443927808	82.8744
pil	10719	443938527	82.8764
ier	10715	443949242	82.8784
BBC	10711	443959953	82.8804
from	10708	443970661	82.8824
AziÃ«	10704	443981365	82.8844
zoektocht	10702	443992067	82.8864
wb	10691	444002758	82.8884
muzikant	10690	444013448	82.8904
stromen	10688	444024136	82.8924
Marokko	10686	444034822	82.8944
belasten	10685	444045507	82.8964
romantisch	10685	444056192	82.8984
63	10679	444066871	82.9004
haat	10679	444077550	82.9024
Sarah	10678	444088228	82.9043
vleugel	10674	444098902	82.9063
64	10668	444109570	82.9083
Christus	10664	444120234	82.9103
rennen	10648	444130882	82.9123
wijden	10640	444141522	82.9143
1,5	10631	444152153	82.9163
Post	10631	444162784	82.9183
uitoefenen	10629	444173413	82.9202
Racing	10622	444184035	82.9222
produkt	10622	444194657	82.9242
Blair	10619	444205276	82.9262
song	10611	444215887	82.9282
Alexander	10607	444226494	82.9302
peiling	10605	444237099	82.9321
appel	10604	444247703	82.9341
bejaard	10600	444258303	82.9361
opvatting	10598	444268901	82.9381
kleden	10595	444279496	82.9401
mode	10586	444290082	82.942
onthouden	10581	444300663	82.944
blesseren	10580	444311243	82.946
garage	10568	444321811	82.948
wapenen	10568	444332379	82.9499
sex	10564	444342943	82.9519
leverancier	10562	444353505	82.9539
presentatie	10561	444364066	82.9558
chemisch	10554	444374620	82.9578
pv	10552	444385172	82.9598
nederlandstalig	10551	444395723	82.9618
VK	10550	444406273	82.9637
achterlaten	10545	444416818	82.9657
Woensdag	10542	444427360	82.9677
schoonheid	10542	444437902	82.9696
Huis	10531	444448433	82.9716
verdubbelen	10520	444458953	82.9736
thx	10511	444469464	82.9755
ophouden	10504	444479968	82.9775
omkomen	10501	444490469	82.9794
motiveren	10495	444500964	82.9814
hoogleraar	10488	444511452	82.9834
afbreken	10487	444521939	82.9853
mÃ©Ã©r	10476	444532415	82.9873
constructie	10474	444542889	82.9892
noodzaak	10470	444553359	82.9912
tienduizend	10470	444563829	82.9931
bedreiging	10469	444574298	82.9951
checken	10464	444584762	82.997
middelbaar	10461	444595223	82.999
pakket	10461	444605684	83.0009
Davy	10457	444616141	83.0029
1985	10456	444626597	83.0049
overblijven	10455	444637052	83.0068
wijs	10454	444647506	83.0088
Opel	10450	444657956	83.0107
diploma	10446	444668402	83.0127
Sint-Truiden	10444	444678846	83.0146
paniek	10443	444689289	83.0166
poort	10440	444699729	83.0185
Marie	10432	444710161	83.0205
infrastructuur	10430	444720591	83.0224
goedemorgen	10423	444731014	83.0243
fabrikant	10420	444741434	83.0263
onderscheid	10418	444751852	83.0282
mededeling	10410	444762262	83.0302
Mohammed	10409	444772671	83.0321
boel	10409	444783080	83.0341
apparaat	10405	444793485	83.036
dun	10392	444803877	83.0379
verdriet	10384	444814261	83.0399
gunnen	10383	444824644	83.0418
uiten	10381	444835025	83.0438
bocht	10378	444845403	83.0457
exact	10377	444855780	83.0476
woede	10374	444866154	83.0496
Leeuw	10373	444876527	83.0515
Park	10373	444886900	83.0534
Europese	10360	444897260	83.0554
pa	10358	444907618	83.0573
intensief	10351	444917969	83.0592
rollen	10346	444928315	83.0612
Halle	10342	444938657	83.0631
Mol	10337	444948994	83.065
schaap	10324	444959318	83.067
artistiek	10323	444969641	83.0689
Sam	10322	444979963	83.0708
Jeruzalem	10313	444990276	83.0727
falen	10313	445000589	83.0747
Rudy	10308	445010897	83.0766
beleggen	10305	445021202	83.0785
binnenkomen	10304	445031506	83.0804
totdat	10302	445041808	83.0824
Belgacom	10301	445052109	83.0843
rijbewijs	10300	445062409	83.0862
vervolg	10296	445072705	83.0881
verdachte	10292	445082997	83.0901
experiment	10289	445093286	83.092
filosofie	10287	445103573	83.0939
Eva	10277	445113850	83.0958
departement	10275	445124125	83.0977
SV	10268	445134393	83.0996
95	10267	445144660	83.1016
Sint	10260	445154920	83.1035
overtuiging	10257	445165177	83.1054
verzekeraar	10257	445175434	83.1073
formuleren	10256	445185690	83.1092
parlementair	10254	445195944	83.1111
protesteren	10252	445206196	83.1131
schaduw	10251	445216447	83.115
78	10250	445226697	83.1169
FM	10250	445236947	83.1188
gras	10248	445247195	83.1207
personeelslid	10244	445257439	83.1226
verblijf	10244	445267683	83.1245
so	10243	445277926	83.1264
arbeid	10238	445288164	83.1284
59	10233	445298397	83.1303
aub	10232	445308629	83.1322
schadevergoeding	10229	445318858	83.1341
handhaven	10224	445329082	83.136
zwangerschap	10220	445339302	83.1379
ertoe	10217	445349519	83.1398
solidariteit	10215	445359734	83.1417
zaterdagavond	10212	445369946	83.1436
Athene	10209	445380155	83.1455
schilder	10204	445390359	83.1474
stage	10199	445400558	83.1493
1986	10192	445410750	83.1512
huishouden	10189	445420939	83.1531
Christian	10179	445431118	83.155
sanctie	10179	445441297	83.1569
dramatisch	10176	445451473	83.1588
Vilvoorde	10172	445461645	83.1607
moeilijkheid	10170	445471815	83.1626
vrijlaten	10157	445481972	83.1645
Ali	10154	445492126	83.1664
enzovoort	10154	445502280	83.1683
keizer	10152	445512432	83.1702
Torhout	10129	445522561	83.1721
vooruitzicht	10126	445532687	83.174
West	10122	445542809	83.1759
zweeds	10122	445552931	83.1778
perspectief	10120	445563051	83.1797
verkeren	10116	445573167	83.1816
Big	10115	445583282	83.1835
variÃ«ren	10105	445593387	83.1853
Tongeren	10103	445603490	83.1872
doorbreken	10090	445613580	83.1891
buitenlander	10088	445623668	83.191
uitkijken	10088	445633756	83.1929
heden	10087	445643843	83.1948
geneesmiddel	10083	445653926	83.1966
miyanna	10082	445664008	83.1985
marketing	10079	445674087	83.2004
dichter	10077	445684164	83.2023
reÃ«el	10073	445694237	83.2042
omzetten	10069	445704306	83.206
actrice	10067	445714373	83.2079
zangeres	10066	445724439	83.2098
innen	10061	445734500	83.2117
vernieuwing	10058	445744558	83.2136
Amerikaan	10056	445754614	83.2154
rel	10053	445764667	83.2173
machtig	10051	445774718	83.2192
arbeidsmarkt	10050	445784768	83.2211
najaar	10049	445794817	83.2229
bv	10048	445804865	83.2248
aannemer	10046	445814911	83.2267
afkomst	10041	445824952	83.2286
PSV	10039	445834991	83.2304
realistisch	10035	445845026	83.2323
volksgezondheid	10030	445855056	83.2342
Deinze	10028	445865084	83.2361
CVP	10019	445875103	83.2379
capaciteit	10019	445885122	83.2398
Ã©cht	10018	445895140	83.2417
uitschakelen	10017	445905157	83.2435
diegene	10010	445915167	83.2454
begaan	10009	445925176	83.2473
Vlaamse	10008	445935184	83.2491
percentage	10006	445945190	83.251
straffen	10001	445955191	83.2529
inrichten	10000	445965191	83.2547
afleiden	9996	445975187	83.2566
Ierland	9987	445985174	83.2585
$	9980	445995154	83.2603
gram	9980	446005134	83.2622
vrijwillig	9976	446015110	83.2641
belga	9975	446025085	83.2659
wereldoorlog	9973	446035058	83.2678
variant	9971	446045029	83.2697
zuidelijk	9971	446055000	83.2715
Frederik	9970	446064970	83.2734
opsluiten	9965	446074935	83.2752
trui	9961	446084896	83.2771
goedkeuring	9954	446094850	83.279
rondom	9950	446104800	83.2808
mandaat	9945	446114745	83.2827
dronken	9939	446124684	83.2845
vertrouwd	9934	446134618	83.2864
vanop	9932	446144550	83.2882
blond	9927	446154477	83.2901
neef	9927	446164404	83.2919
confrontatie	9923	446174327	83.2938
luxe	9922	446184249	83.2956
klus	9917	446194166	83.2975
Jurgen	9912	446204078	83.2993
maaltijd	9911	446213989	83.3012
Gucht	9909	446223898	83.303
87	9908	446233806	83.3049
onvermijdelijk	9907	446243713	83.3067
standaard	9901	446253614	83.3086
lk	9900	446263514	83.3104
non	9895	446273409	83.3123
kg	9894	446283303	83.3141
zoet	9891	446293194	83.316
Claes	9876	446303070	83.3178
constateren	9873	446312943	83.3197
uitgeverij	9871	446322814	83.3215
omstreeks	9864	446332678	83.3234
Oude	9854	446342532	83.3252
elektriciteit	9853	446352385	83.327
1982	9852	446362237	83.3289
61	9852	446372089	83.3307
und	9848	446381937	83.3325
reportage	9846	446391783	83.3344
Hitler	9843	446401626	83.3362
verzinnen	9839	446411465	83.3381
Damme	9837	446421302	83.3399
Gerard	9836	446431138	83.3417
88	9831	446440969	83.3436
Jack	9831	446450800	83.3454
individu	9831	446460631	83.3472
eigenschap	9819	446470450	83.3491
suiker	9819	446480269	83.3509
stabiel	9813	446490082	83.3527
Nick	9812	446499894	83.3546
bezorgd	9812	446509706	83.3564
ingrijpen	9808	446519514	83.3582
relevant	9808	446529322	83.3601
financiÃ«n	9801	446539123	83.3619
Donderdag	9799	446548922	83.3637
daadwerkelijk	9797	446558719	83.3655
gids	9794	446568513	83.3674
deelstaat	9790	446578303	83.3692
naakt	9787	446588090	83.371
bestand	9781	446597871	83.3729
heet	9779	446607650	83.3747
impact	9777	446617427	83.3765
Stefan	9775	446627202	83.3783
invoer	9765	446636967	83.3802
dln	9759	446646726	83.382
structureel	9758	446656484	83.3838
gevangenisstraf	9753	446666237	83.3856
Lijn	9752	446675989	83.3874
gezondheidszorg	9751	446685740	83.3893
kruis	9746	446695486	83.3911
bezighouden	9743	446705229	83.3929
corruptie	9740	446714969	83.3947
mor	9733	446724702	83.3965
Feyenoord	9732	446734434	83.3984
Dexia	9729	446744163	83.4002
parlementslid	9728	446753891	83.402
neerleggen	9725	446763616	83.4038
reserve	9722	446773338	83.4056
zand	9721	446783059	83.4074
tram	9710	446792769	83.4092
alsjeblieft	9707	446802476	83.4111
von	9706	446812182	83.4129
rusten	9703	446821885	83.4147
stadhuis	9703	446831588	83.4165
financiering	9702	446841290	83.4183
L.	9696	446850986	83.4201
begrijpelijk	9686	446860672	83.4219
twitter	9683	446870355	83.4237
voorganger	9682	446880037	83.4255
Anne	9679	446889716	83.4273
eindronde	9679	446899395	83.4291
73	9678	446909073	83.431
Oranje	9678	446918751	83.4328
76	9668	446928419	83.4346
pech	9668	446938087	83.4364
W.	9661	446947748	83.4382
wandeling	9660	446957408	83.44
84	9659	446967067	83.4418
tegemoet	9655	446976722	83.4436
opduiken	9651	446986373	83.4454
77	9645	446996018	83.4472
Gert	9643	447005661	83.449
opzet	9642	447015303	83.4508
haten	9635	447024938	83.4526
ruiken	9635	447034573	83.4544
sponsor	9621	447044194	83.4562
Jean-Pierre	9620	447053814	83.458
regie	9617	447063431	83.4598
son	9611	447073042	83.4616
kleuren	9609	447082651	83.4634
district	9606	447092257	83.4652
handtekening	9603	447101860	83.4669
Nys	9598	447111458	83.4687
opvang	9595	447121053	83.4705
discriminatie	9593	447130646	83.4723
sont	9592	447140238	83.4741
nadruk	9586	447149824	83.4759
Air	9582	447159406	83.4777
hersenen	9582	447168988	83.4795
Vlaming	9580	447178568	83.4813
Vos	9577	447188145	83.4831
verplaatsing	9577	447197722	83.4848
Alain	9575	447207297	83.4866
avec	9573	447216870	83.4884
rook	9573	447226443	83.4902
stichten	9571	447236014	83.492
moordenaar	9565	447245579	83.4938
benaderen	9559	447255138	83.4956
Ivan	9557	447264695	83.4973
inbreker	9556	447274251	83.4991
800	9555	447283806	83.5009
vooraleer	9555	447293361	83.5027
duivel	9554	447302915	83.5045
voeden	9552	447312467	83.5063
enz.	9551	447322018	83.508
resolutie	9549	447331567	83.5098
asl	9548	447341115	83.5116
talrijk	9542	447350657	83.5134
engel	9538	447360195	83.5152
81	9531	447369726	83.517
plastic	9531	447379257	83.5187
Il	9516	447388773	83.5205
afzonderlijk	9515	447398288	83.5223
merkwaardig	9514	447407802	83.5241
compsmurf	9513	447417315	83.5258
ruimen	9511	447426826	83.5276
cc	9499	447436325	83.5294
domineren	9497	447445822	83.5312
langdurig	9496	447455318	83.5329
uitbater	9490	447464808	83.5347
teleurstellen	9486	447474294	83.5365
service	9484	447483778	83.5382
My	9480	447493258	83.54
time	9478	447502736	83.5418
fotograaf	9475	447512211	83.5436
US	9468	447521679	83.5453
fit	9468	447531147	83.5471
gedragen	9468	447540615	83.5489
oma	9467	447550082	83.5506
100.000	9463	447559545	83.5524
vies	9461	447569006	83.5542
69	9458	447578464	83.5559
Bree	9454	447587918	83.5577
toneel	9440	447597358	83.5594
suggereren	9437	447606795	83.5612
nationaliteit	9436	447616231	83.563
balen	9434	447625665	83.5647
pop	9434	447635099	83.5665
tuurlijk	9420	447644519	83.5683
geduld	9417	447653936	83.57
secretaris	9417	447663353	83.5718
wiel	9411	447672764	83.5735
74	9408	447682172	83.5753
Maastricht	9396	447691568	83.577
voordoen	9390	447700958	83.5788
kostprijs	9387	447710345	83.5805
minderjarig	9387	447719732	83.5823
conferentie	9384	447729116	83.584
Blok	9383	447738499	83.5858
formeel	9383	447747882	83.5875
inhouden	9380	447757262	83.5893
Vanden	9378	447766640	83.591
moskee	9378	447776018	83.5928
achteruit	9377	447785395	83.5946
knuffel	9377	447794772	83.5963
gemeentehuis	9375	447804147	83.5981
Hermans	9358	447813505	83.5998
servisch	9356	447822861	83.6015
afvragen	9355	447832216	83.6033
Joe	9354	447841570	83.605
Williams	9341	447850911	83.6068
2e	9340	447860251	83.6085
getal	9340	447869591	83.6103
luisteraar	9338	447878929	83.612
Mike	9332	447888261	83.6138
Studio	9329	447897590	83.6155
vonnis	9327	447906917	83.6172
onderzoeksrechter	9325	447916242	83.619
FinanciÃ«n	9315	447925557	83.6207
jarig	9313	447934870	83.6225
dj	9309	447944179	83.6242
evenals	9308	447953487	83.6259
chef	9307	447962794	83.6277
put	9306	447972100	83.6294
sluiting	9294	447981394	83.6311
like	9282	447990676	83.6329
koesteren	9281	447999957	83.6346
leugen	9280	448009237	83.6363
stoten	9279	448018516	83.6381
Bill	9275	448027791	83.6398
kwartfinale	9272	448037063	83.6415
parcours	9271	448046334	83.6433
gering	9261	448055595	83.645
bijgevolg	9258	448064853	83.6467
etc.	9257	448074110	83.6484
inrichting	9253	448083363	83.6502
or	9247	448092610	83.6519
Stefaan	9244	448101854	83.6536
geheugen	9244	448111098	83.6554
gezag	9241	448120339	83.6571
beschrijving	9240	448129579	83.6588
vlam	9238	448138817	83.6605
Philip	9237	448148054	83.6623
romeins	9235	448157289	83.664
scholier	9233	448166522	83.6657
fietspad	9231	448175753	83.6674
Clinton	9225	448184978	83.6691
beschuldiging	9225	448194203	83.6709
chaos	9225	448203428	83.6726
Bagdad	9220	448212648	83.6743
luid	9217	448221865	83.676
iers	9214	448231079	83.6778
jah	9210	448240289	83.6795
spiegel	9204	448249493	83.6812
bedrijfsleven	9200	448258693	83.6829
Xavier	9199	448267892	83.6846
mobiliteit	9198	448277090	83.6863
virus	9195	448286285	83.6881
profiel	9189	448295474	83.6898
forceren	9188	448304662	83.6915
19.30	9187	448313849	83.6932
uitrusten	9186	448323035	83.6949
wielrennen	9182	448332217	83.6966
VV	9181	448341398	83.6983
Denemarken	9178	448350576	83.7001
alleszins	9176	448359752	83.7018
maan	9175	448368927	83.7035
ambitieus	9174	448378101	83.7052
verbaasd	9171	448387272	83.7069
William	9163	448396435	83.7086
K.	9157	448405592	83.7103
aanhanger	9156	448414748	83.712
factoor	9156	448423904	83.7138
Commissie	9153	448433057	83.7155
monster	9150	448442207	83.7172
71	9147	448451354	83.7189
laatstelijk	9142	448460496	83.7206
Dinsdag	9140	448469636	83.7223
Freddy	9140	448478776	83.724
lente	9138	448487914	83.7257
race	9137	448497051	83.7274
motief	9133	448506184	83.7291
passie	9132	448515316	83.7308
one	9131	448524447	83.7325
ServiÃ«	9126	448533573	83.7342
Bos	9115	448542688	83.7359
besturen	9105	448551793	83.7376
ontspannen	9101	448560894	83.7393
genetisch	9094	448569988	83.741
Bernard	9091	448579079	83.7427
slaapkamer	9087	448588166	83.7444
zitting	9087	448597253	83.7461
aux	9076	448606329	83.7478
voorzitterschap	9076	448615405	83.7495
ontwerper	9074	448624479	83.7512
Mario	9072	448633551	83.7529
interpretatie	9072	448642623	83.7546
wortel	9072	448651695	83.7563
afzien	9071	448660766	83.758
graaf	9071	448669837	83.7597
NL	9068	448678905	83.7614
Jones	9067	448687972	83.763
breiden	9062	448697034	83.7647
Holland	9059	448706093	83.7664
juweel	9053	448715146	83.7681
intrekken	9050	448724196	83.7698
1970	9048	448733244	83.7715
verhinderen	9045	448742289	83.7732
Dehaene	9044	448751333	83.7749
ontvangst	9042	448760375	83.7766
geliefd	9040	448769415	83.7783
buitengewoon	9033	448778448	83.7799
actueel	9032	448787480	83.7816
toilet	9027	448796507	83.7833
reserveren	9021	448805528	83.785
verderop	9015	448814543	83.7867
shit	9013	448823556	83.7884
toerisme	9010	448832566	83.79
overdag	9006	448841572	83.7917
lip	8996	448850568	83.7934
almaar	8993	448859561	83.7951
brugs	8992	448868553	83.7968
Brandend	8985	448877538	83.7984
In	8977	448886515	83.8001
zonde	8977	448895492	83.8018
bevel	8974	448904466	83.8035
Goossens	8973	448913439	83.8051
circa	8973	448922412	83.8068
Joris	8970	448931382	83.8085
componist	8970	448940352	83.8102
concluderen	8968	448949320	83.8118
Actueel	8965	448958285	83.8135
tas	8961	448967246	83.8152
Wilders	8960	448976206	83.8169
Carl	8958	448985164	83.8185
vriendschap	8957	448994121	83.8202
Andy	8956	449003077	83.8219
recept	8956	449012033	83.8235
veronderstellen	8956	449020989	83.8252
Canvas	8952	449029941	83.8269
voortzetten	8950	449038891	83.8286
aangaan	8947	449047838	83.8302
automobilist	8947	449056785	83.8319
tunnel	8946	449065731	83.8336
investeerder	8945	449074676	83.8352
Ardennen	8944	449083620	83.8369
celstraf	8944	449092564	83.8386
ondersteuning	8943	449101507	83.8402
kelder	8930	449110437	83.8419
premiÃ¨re	8928	449119365	83.8436
volkomen	8926	449128291	83.8452
kijk	8925	449137216	83.8469
bizar	8922	449146138	83.8486
steek	8921	449155059	83.8502
sneuvelen	8917	449163976	83.8519
planeet	8915	449172891	83.8536
Vandenbroucke	8914	449181805	83.8552
Brussels	8912	449190717	83.8569
toespraak	8912	449199629	83.8586
Nicolas	8908	449208537	83.8602
verwijzing	8907	449217444	83.8619
beperkt	8904	449226348	83.8636
dekken	8900	449235248	83.8652
gebruikelijk	8896	449244144	83.8669
FranÃ§ois	8894	449253038	83.8685
color	8892	449261930	83.8702
flauw	8892	449270822	83.8719
spijten	8890	449279712	83.8735
racistisch	8884	449288596	83.8752
stok	8881	449297477	83.8768
tennis	8880	449306357	83.8785
ultiem	8874	449315231	83.8801
aanduiden	8872	449324103	83.8818
adviseren	8868	449332971	83.8835
1984	8866	449341837	83.8851
uitdrukking	8866	449350703	83.8868
concentratie	8863	449359566	83.8884
^	8861	449368427	83.8901
materieel	8860	449377287	83.8917
weekeinde	8855	449386142	83.8934
kassa	8854	449394996	83.895
lift	8844	449403840	83.8967
samenstelling	8841	449412681	83.8983
bedienen	8840	449421521	83.9
boerderij	8840	449430361	83.9016
Peking	8837	449439198	83.9033
ambassadeur	8834	449448032	83.9049
ondervragen	8830	449456862	83.9066
opbrengen	8830	449465692	83.9082
opvoeding	8826	449474518	83.9099
smal	8819	449483337	83.9115
monetair	8814	449492151	83.9132
faillissement	8810	449500961	83.9148
pan	8809	449509770	83.9165
bediende	8808	449518578	83.9181
Midden-Oosten	8807	449527385	83.9198
Knack	8806	449536191	83.9214
ellende	8806	449544997	83.923
bon	8797	449553794	83.9247
verbranden	8794	449562588	83.9263
verzameling	8793	449571381	83.928
rebel	8791	449580172	83.9296
Group	8786	449588958	83.9312
minimum	8785	449597743	83.9329
statuut	8781	449606524	83.9345
Georges	8780	449615304	83.9362
vaag	8772	449624076	83.9378
troef	8770	449632846	83.9394
rondlopen	8769	449641615	83.9411
gelijkaardig	8768	449650383	83.9427
piet	8765	449659148	83.9444
vergen	8764	449667912	83.946
Thijs	8759	449676671	83.9476
JosÃ©	8758	449685429	83.9493
bisschop	8757	449694186	83.9509
oke	8757	449702943	83.9525
psychologisch	8753	449711696	83.9542
afwijzen	8752	449720448	83.9558
bladzijde	8751	449729199	83.9574
belonen	8745	449737944	83.9591
vreemdeling	8744	449746688	83.9607
heffen	8743	449755431	83.9623
haalbaar	8741	449764172	83.964
varken	8740	449772912	83.9656
onrecht	8738	449781650	83.9672
lamp	8735	449790385	83.9689
deskundig	8731	449799116	83.9705
86	8730	449807846	83.9721
know	8730	449816576	83.9737
ongelukkig	8728	449825304	83.9754
Anna	8722	449834026	83.977
voorziening	8721	449842747	83.9786
zuur	8720	449851467	83.9803
ontbijt	8712	449860179	83.9819
plakken	8712	449868891	83.9835
verstoppen	8709	449877600	83.9851
overtreding	8707	449886307	83.9868
rusthuis	8706	449895013	83.9884
Vorst	8702	449903715	83.99
feitelijk	8699	449912414	83.9916
zwaaien	8699	449921113	83.9933
overbodig	8698	449929811	83.9949
hobby	8697	449938508	83.9965
Sofie	8696	449947204	83.9981
1e	8694	449955898	83.9997
openlijk	8693	449964591	84.0014
opzoeken	8693	449973284	84.003
leed	8689	449981973	84.0046
nicht	8689	449990662	84.0062
obligatie	8683	449999345	84.0079
stuiten	8682	450008027	84.0095
bot	8680	450016707	84.0111
zever	8678	450025385	84.0127
Jozef	8670	450034055	84.0143
tempel	8664	450042719	84.016
alhoewel	8658	450051377	84.0176
c7/intro	8654	450060031	84.0192
plicht	8654	450068685	84.0208
bril	8648	450077333	84.0224
vernielen	8647	450085980	84.024
onzekerheid	8644	450094624	84.0256
verwerpen	8644	450103268	84.0273
verhoging	8642	450111910	84.0289
muis	8636	450120546	84.0305
gemeenteraadslid	8635	450129181	84.0321
tikken	8634	450137815	84.0337
14.30	8632	450146447	84.0353
objectief	8631	450155078	84.0369
tegenkomen	8630	450163708	84.0385
hoezo	8629	450172337	84.0402
riskeren	8626	450180963	84.0418
arriveren	8625	450189588	84.0434
schepencollege	8623	450198211	84.045
Pascal	8621	450206832	84.0466
pen	8621	450215453	84.0482
officier	8618	450224071	84.0498
meer	8616	450232687	84.0514
elite	8615	450241302	84.053
keihard	8614	450249916	84.0546
versterking	8613	450258529	84.0562
klassement	8612	450267141	84.0579
Spirit	8609	450275750	84.0595
nut	8609	450284359	84.0611
but	8606	450292965	84.0627
som	8605	450301570	84.0643
herhaling	8602	450310172	84.0659
teen	8602	450318774	84.0675
snelweg	8601	450327375	84.0691
onderschatten	8600	450335975	84.0707
optimaal	8600	450344575	84.0723
transport	8600	450353175	84.0739
divisie	8599	450361774	84.0755
voornemen	8597	450370371	84.0771
opera	8595	450378966	84.0787
federatie	8589	450387555	84.0803
Star	8584	450396139	84.0819
carriÃ¨re	8575	450404714	84.0835
hervatten	8571	450413285	84.0851
opkomst	8570	450421855	84.0867
schitteren	8570	450430425	84.0883
stam	8563	450438988	84.0899
talloos	8562	450447550	84.0915
V	8561	450456111	84.0931
83	8557	450464668	84.0947
Werner	8556	450473224	84.0963
villa	8554	450481778	84.0979
Fransman	8541	450490319	84.0995
Duits	8537	450498856	84.1011
Hamme	8536	450507392	84.1027
gelijkspel	8534	450515926	84.1043
stuur	8534	450524460	84.1059
deelgemeente	8531	450532991	84.1075
Hendrik	8524	450541515	84.1091
docent	8523	450550038	84.1107
bitter	8515	450558553	84.1123
klikken	8514	450567067	84.1138
thee	8513	450575580	84.1154
verloop	8511	450584091	84.117
opleiden	8510	450592601	84.1186
Hamas	8509	450601110	84.1202
vr	8507	450609617	84.1218
hoofdrol	8506	450618123	84.1234
deens	8504	450626627	84.125
omstreden	8502	450635129	84.1266
opmaken	8501	450643630	84.1281
promoten	8499	450652129	84.1297
will	8498	450660627	84.1313
Lier	8495	450669122	84.1329
vorming	8494	450677616	84.1345
verpakking	8490	450686106	84.1361
oefening	8489	450694595	84.1377
zozeer	8482	450703077	84.1392
voorafgaan	8480	450711557	84.1408
1975	8479	450720036	84.1424
graf	8479	450728515	84.144
orkest	8479	450736994	84.1456
paren	8479	450745473	84.1472
aanstellen	8477	450753950	84.1487
rubriek	8477	450762427	84.1503
ijzer	8476	450770903	84.1519
09	8474	450779377	84.1535
Times	8472	450787849	84.1551
opstarten	8472	450796321	84.1566
schijf	8471	450804792	84.1582
werkgroep	8471	450813263	84.1598
1976	8466	450821729	84.1614
correctioneel	8465	450830194	84.163
serveren	8465	450838659	84.1645
wennen	8459	450847118	84.1661
bewonderen	8458	450855576	84.1677
Menen	8449	450864025	84.1693
mais	8444	450872469	84.1709
Eindhoven	8442	450880911	84.1724
ambassade	8442	450889353	84.174
Union	8441	450897794	84.1756
betogen	8439	450906233	84.1772
lek	8438	450914671	84.1787
betreuren	8436	450923107	84.1803
koel	8434	450931541	84.1819
Daniel	8433	450939974	84.1835
inbreken	8433	450948407	84.185
delegeren	8431	450956838	84.1866
meebrengen	8428	450965266	84.1882
keel	8426	450973692	84.1898
verlichting	8422	450982114	84.1913
Nijmegen	8419	450990533	84.1929
vennootschap	8418	450998951	84.1945
korting	8415	451007366	84.196
ontploffen	8411	451015777	84.1976
Oost-Vlaanderen	8409	451024186	84.1992
Ned	8405	451032591	84.2008
Tante	8405	451040996	84.2023
plezant	8400	451049396	84.2039
89	8398	451057794	84.2055
naderen	8398	451066192	84.207
tong	8397	451074589	84.2086
tiener	8394	451082983	84.2102
behulp	8391	451091374	84.2117
zielig	8386	451099760	84.2133
Hotel	8385	451108145	84.2149
T.	8385	451116530	84.2164
achterhalen	8384	451124914	84.218
uitbreken	8378	451133292	84.2196
sporthal	8374	451141666	84.2211
Rock	8372	451150038	84.2227
noordelijk	8364	451158402	84.2242
overvallen	8363	451166765	84.2258
accent	8358	451175123	84.2274
samengesteld	8356	451183479	84.2289
Senaat	8355	451191834	84.2305
slotfase	8355	451200189	84.232
nucleair	8353	451208542	84.2336
discipline	8348	451216890	84.2352
meewerken	8348	451225238	84.2367
dienstverlening	8346	451233584	84.2383
bekennen	8345	451241929	84.2398
hoed	8340	451250269	84.2414
zakenman	8337	451258606	84.2429
betrokkenheid	8336	451266942	84.2445
pint	8335	451275277	84.2461
Joseph	8333	451283610	84.2476
niettemin	8329	451291939	84.2492
communistisch	8325	451300264	84.2507
???	8324	451308588	84.2523
Hilde	8323	451316911	84.2538
buurtbewoner	8323	451325234	84.2554
buurland	8322	451333556	84.2569
loopbaan	8321	451341877	84.2585
beu	8313	451350190	84.26
nodigen	8309	451358499	84.2616
doorbraak	8308	451366807	84.2631
uitroepen	8308	451375115	84.2647
ontgoochelen	8307	451383422	84.2662
gitaar	8306	451391728	84.2678
Temse	8305	451400033	84.2693
dwars	8302	451408335	84.2709
vrijdagavond	8297	451416632	84.2724
versieren	8293	451424925	84.274
part	8289	451433214	84.2755
introduceren	8288	451441502	84.2771
overval	8287	451449789	84.2786
1974	8285	451458074	84.2802
koffer	8285	451466359	84.2817
:$	8283	451474642	84.2833
debuut	8283	451482925	84.2848
migrant	8283	451491208	84.2864
ingenieur	8282	451499490	84.2879
reglement	8282	451507772	84.2895
Grand	8273	451516045	84.291
kwetsbaar	8273	451524318	84.2925
Bosch	8269	451532587	84.2941
afwezigheid	8266	451540853	84.2956
vervoeren	8258	451549111	84.2972
Los	8251	451557362	84.2987
aandringen	8251	451565613	84.3003
doorbrengen	8249	451573862	84.3018
atleet	8246	451582108	84.3033
waardevol	8244	451590352	84.3049
compromis	8242	451598594	84.3064
betrouwbaar	8241	451606835	84.308
hap	8235	451615070	84.3095
trio	8235	451623305	84.311
Miss	8234	451631539	84.3126
Jong	8233	451639772	84.3141
schokken	8232	451648004	84.3156
ras	8227	451656231	84.3172
Ronse	8226	451664457	84.3187
factor	8226	451672683	84.3202
Maaseik	8223	451680906	84.3218
oom	8216	451689122	84.3233
dagen	8215	451697337	84.3248
grof	8209	451705546	84.3264
overschrijden	8196	451713742	84.3279
Love	8195	451721937	84.3294
pond	8195	451730132	84.331
stralen	8195	451738327	84.3325
Ben	8194	451746521	84.334
luchtvaartmaatschappij	8190	451754711	84.3356
politieman	8181	451762892	84.3371
1978	8176	451771068	84.3386
Libanon	8176	451779244	84.3401
criminaliteit	8176	451787420	84.3417
ipv	8176	451795596	84.3432
Google	8172	451803768	84.3447
gemak	8164	451811932	84.3462
etnisch	8163	451820095	84.3478
waarschuwing	8161	451828256	84.3493
79	8158	451836414	84.3508
jaloers	8158	451844572	84.3523
peke	8158	451852730	84.3539
beÃ¯nvloeden	8155	451860885	84.3554
Black	8153	451869038	84.3569
analyseren	8150	451877188	84.3584
treffer	8145	451885333	84.3599
persconferentie	8141	451893474	84.3615
ArgentiniÃ«	8138	451901612	84.363
hierin	8138	451909750	84.3645
krediet	8138	451917888	84.366
aanzetten	8137	451926025	84.3675
koek	8136	451934161	84.3691
doorheen	8132	451942293	84.3706
waardering	8130	451950423	84.3721
achteraan	8129	451958552	84.3736
halfuur	8129	451966681	84.3751
1979	8128	451974809	84.3766
smaken	8127	451982936	84.3782
west-vlaams	8125	451991061	84.3797
overeind	8124	451999185	84.3812
ritme	8119	452007304	84.3827
aanbeveling	8118	452015422	84.3842
aap	8116	452023538	84.3857
uitvallen	8116	452031654	84.3873
liefhebber	8115	452039769	84.3888
touw	8111	452047880	84.3903
afgeven	8107	452055987	84.3918
toename	8103	452064090	84.3933
knuffie	8098	452072188	84.3948
Oscar	8097	452080285	84.3963
ondermeer	8094	452088379	84.3979
Janssen	8093	452096472	84.3994
1.000	8092	452104564	84.4009
motorfiets	8089	452112653	84.4024
verstoren	8088	452120741	84.4039
hel	8082	452128823	84.4054
afronding	8078	452136901	84.4069
enthousiasme	8078	452144979	84.4084
1983	8069	452153048	84.4099
houdende	8067	452161115	84.4114
vergissen	8067	452169182	84.4129
voorraad	8067	452177249	84.4144
oostenrijks	8065	452185314	84.4159
derhalve	8056	452193370	84.4175
opstand	8054	452201424	84.419
piano	8053	452209477	84.4205
oranje	8047	452217524	84.422
klassieker	8045	452225569	84.4235
lat	8044	452233613	84.425
Didier	8043	452241656	84.4265
heeft	8043	452249699	84.428
architectuur	8039	452257738	84.4295
go	8039	452265777	84.431
business	8038	452273815	84.4325
lichamelijk	8037	452281852	84.434
schetsen	8035	452289887	84.4355
omringen	8034	452297921	84.437
Gouden	8033	452305954	84.4385
profeet	8033	452313987	84.44
nv	8031	452322018	84.4415
veelal	8027	452330045	84.443
gemeen	8023	452338068	84.4445
terugtrekken	8023	452346091	84.446
vooraan	8019	452354110	84.4475
citeren	8016	452362126	84.449
hehe	8016	452370142	84.4505
piloot	8012	452378154	84.4519
opgroeien	8005	452386159	84.4534
Belgium	8002	452394161	84.4549
groots	7999	452402160	84.4564
rijp	7997	452410157	84.4579
etappe	7996	452418153	84.4594
opslaan	7994	452426147	84.4609
tweet	7991	452434138	84.4624
duiden	7988	452442126	84.4639
Carlos	7987	452450113	84.4654
marktaandeel	7985	452458098	84.4669
speurder	7984	452466082	84.4684
salaris	7979	452474061	84.4699
conditie	7971	452482032	84.4713
Diest	7970	452490002	84.4728
doorgeven	7967	452497969	84.4743
kalm	7965	452505934	84.4758
lijsttrekker	7963	452513897	84.4773
hoofddoek	7962	452521859	84.4788
kleuter	7958	452529817	84.4803
verf	7957	452537774	84.4817
ANTWERPEN	7945	452545719	84.4832
good	7945	452553664	84.4847
vorderen	7939	452561603	84.4862
peloton	7938	452569541	84.4877
index	7937	452577478	84.4892
intelligent	7936	452585414	84.4906
legendarisch	7921	452593335	84.4921
Aalter	7920	452601255	84.4936
aangifte	7919	452609174	84.4951
eenzaam	7919	452617093	84.4966
15:00	7918	452625011	84.498
onderuit	7916	452632927	84.4995
operationeel	7913	452640840	84.501
1977	7909	452648749	84.5025
meubel	7906	452656655	84.5039
laptop	7904	452664559	84.5054
nagenoeg	7902	452672461	84.5069
persoonlijkheid	7902	452680363	84.5084
adviseur	7898	452688261	84.5098
bundel	7893	452696154	84.5113
hinder	7884	452704038	84.5128
inspiratie	7883	452711921	84.5143
welzijn	7880	452719801	84.5157
inhoudelijk	7879	452727680	84.5172
Binnenlandse	7876	452735556	84.5187
Bram	7875	452743431	84.5201
voorhand	7872	452751303	84.5216
eindeloos	7870	452759173	84.5231
Marco	7866	452767039	84.5245
000	7862	452774901	84.526
aftrap	7858	452782759	84.5275
zojuist	7855	452790614	84.5289
voorheen	7853	452798467	84.5304
at	7850	452806317	84.5319
^^	7847	452814164	84.5333
depressie	7845	452822009	84.5348
TMF	7842	452829851	84.5363
kweken	7842	452837693	84.5377
wijten	7842	452845535	84.5392
kinderopvang	7835	452853370	84.5407
National	7834	452861204	84.5421
middernacht	7833	452869037	84.5436
drastisch	7831	452876868	84.545
haal	7830	452884698	84.5465
suggestie	7828	452892526	84.548
derby	7824	452900350	84.5494
orgaan	7824	452908174	84.5509
och	7823	452915997	84.5524
australisch	7821	452923818	84.5538
gÃ©Ã©n	7819	452931637	84.5553
noot	7819	452939456	84.5567
17.00	7815	452947271	84.5582
progressief	7814	452955085	84.5597
ontdekking	7812	452962897	84.5611
decor	7808	452970705	84.5626
glimlachen	7807	452978512	84.564
gwn	7802	452986314	84.5655
was	7802	452994116	84.5669
downloaden	7799	453001915	84.5684
opheffen	7790	453009705	84.5698
Keulen	7789	453017494	84.5713
Germinal	7785	453025279	84.5728
schoppen	7785	453033064	84.5742
gewoonlijk	7781	453040845	84.5757
moeizaam	7781	453048626	84.5771
vegen	7781	453056407	84.5786
uniform	7777	453064184	84.58
uitgangspunt	7776	453071960	84.5815
Electrabel	7772	453079732	84.5829
zogeheten	7772	453087504	84.5844
stoer	7771	453095275	84.5858
bespreking	7766	453103041	84.5873
boter	7763	453110804	84.5887
kenmerken	7763	453118567	84.5902
Dender	7762	453126329	84.5916
tijdstip	7762	453134091	84.5931
effe	7758	453141849	84.5945
overgang	7758	453149607	84.596
Mertens	7755	453157362	84.5974
toegestaan	7755	453165117	84.5989
knop	7748	453172865	84.6003
1945	7747	453180612	84.6018
Leiden	7747	453188359	84.6032
bekendmaking	7744	453196103	84.6046
neutraal	7744	453203847	84.6061
tank	7737	453211584	84.6075
metal	7733	453219317	84.609
vel	7733	453227050	84.6104
vervallen	7733	453234783	84.6119
stel	7732	453242515	84.6133
privaat	7731	453250246	84.6148
warmte	7731	453257977	84.6162
overlast	7728	453265705	84.6176
intens	7724	453273429	84.6191
verwarren	7723	453281152	84.6205
deal	7721	453288873	84.622
idioot	7721	453296594	84.6234
ontvoeren	7721	453304315	84.6248
bezetting	7720	453312035	84.6263
ingrediÃ«nt	7720	453319755	84.6277
filmen	7717	453327472	84.6292
object	7713	453335185	84.6306
Dries	7712	453342897	84.632
alsmede	7712	453350609	84.6335
uitgroeien	7712	453358321	84.6349
aansluiting	7710	453366031	84.6364
brandstof	7709	453373740	84.6378
Manchester	7708	453381448	84.6392
tevoren	7708	453389156	84.6407
Waasland	7706	453396862	84.6421
levenslang	7706	453404568	84.6436
raadplegen	7705	453412273	84.645
TsjechiÃ«	7704	453419977	84.6464
red.	7703	453427680	84.6479
tribune	7698	453435378	84.6493
bedriegen	7696	453443074	84.6508
mix	7696	453450770	84.6522
opruimen	7696	453458466	84.6536
Centrum	7688	453466154	84.6551
marge	7687	453473841	84.6565
werkzaam	7687	453481528	84.6579
verdeling	7682	453489210	84.6594
protocol	7681	453496891	84.6608
Jean-Marie	7679	453504570	84.6622
bidden	7675	453512245	84.6637
douche	7674	453519919	84.6651
plukken	7673	453527592	84.6665
stop	7672	453535264	84.668
SC	7668	453542932	84.6694
uitdelen	7667	453550599	84.6708
Niels	7665	453558264	84.6723
maker	7663	453565927	84.6737
genezen	7662	453573589	84.6751
Gilbert	7661	453581250	84.6765
mager	7661	453588911	84.678
Vande	7658	453596569	84.6794
ouderwets	7657	453604226	84.6808
zondagavond	7657	453611883	84.6823
Henry	7655	453619538	84.6837
champagne	7655	453627193	84.6851
feestdag	7651	453634844	84.6866
1973	7646	453642490	84.688
Rudi	7646	453650136	84.6894
bonus	7645	453657781	84.6908
knallen	7644	453665425	84.6923
AC	7643	453673068	84.6937
hmm	7641	453680709	84.6951
Lommel	7635	453688344	84.6965
hip	7632	453695976	84.698
opvangen	7631	453703607	84.6994
aardappel	7630	453711237	84.7008
aarzelen	7630	453718867	84.7022
American	7629	453726496	84.7037
opinie	7629	453734125	84.7051
Walen	7626	453741751	84.7065
tweehonderd	7618	453749369	84.7079
archief	7617	453756986	84.7094
1968	7615	453764601	84.7108
staart	7611	453772212	84.7122
Anciaux	7605	453779817	84.7136
Red	7603	453787420	84.715
onderwerpen	7603	453795023	84.7165
nota	7602	453802625	84.7179
reiken	7602	453810227	84.7193
ergeren	7595	453817822	84.7207
ordening	7593	453825415	84.7221
waarborgen	7592	453833007	84.7235
opdat	7587	453840594	84.725
ikzelf	7586	453848180	84.7264
versturen	7584	453855764	84.7278
volstrekt	7584	453863348	84.7292
ING	7581	453870929	84.7306
hooguit	7579	453878508	84.732
Rompuy	7576	453886084	84.7335
forumsessie	7575	453893659	84.7349
Cuba	7572	453901231	84.7363
gewelddadig	7572	453908803	84.7377
Wilde	7571	453916374	84.7391
Prov.	7569	453923943	84.7405
1ste	7568	453931511	84.7419
An	7568	453939079	84.7433
cd's	7568	453946647	84.7448
laatst	7566	453954213	84.7462
afwijking	7564	453961777	84.7476
Finland	7558	453969335	84.749
jacht	7558	453976893	84.7504
arrestatie	7557	453984450	84.7518
50.000	7554	453992004	84.7532
Brown	7554	453999558	84.7546
Schiphol	7551	454007109	84.756
Wetteren	7550	454014659	84.7575
zakelijk	7549	454022208	84.7589
lading	7548	454029756	84.7603
mits	7548	454037304	84.7617
verzoeken	7547	454044851	84.7631
voorop	7536	454052387	84.7645
senator	7533	454059920	84.7659
kwetsen	7531	454067451	84.7673
lichtgewond	7530	454074981	84.7687
Chr.	7527	454082508	84.7701
zilver	7523	454090031	84.7715
frustratie	7521	454097552	84.7729
uitnodiging	7521	454105073	84.7743
verkoper	7518	454112591	84.7757
delegatie	7517	454120108	84.7771
Dui	7516	454127624	84.7785
glimlach	7516	454135140	84.7799
ruw	7515	454142655	84.7814
uitrekenen	7514	454150169	84.7828
IndonesiÃ«	7512	454157681	84.7842
Royal	7512	454165193	84.7856
Mr.	7508	454172701	84.787
gieten	7507	454180208	84.7884
opvoeren	7507	454187715	84.7898
allang	7502	454195217	84.7912
pastoor	7502	454202719	84.7926
verwittigen	7497	454210216	84.794
Dominique	7496	454217712	84.7954
inschrijving	7496	454225208	84.7968
filosoof	7494	454232702	84.7982
uitdrukken	7492	454240194	84.7996
affaire	7491	454247685	84.801
kabel	7490	454255175	84.8024
overeenkomen	7489	454262664	84.8038
rotterdams	7487	454270151	84.8052
Justine	7486	454277637	84.8066
begrafenis	7479	454285116	84.8079
evaluatie	7479	454292595	84.8093
data	7475	454300070	84.8107
illusie	7472	454307542	84.8121
doelgroep	7471	454315013	84.8135
Dieter	7468	454322481	84.8149
opzij	7465	454329946	84.8163
verwarring	7463	454337409	84.8177
afspelen	7455	454344864	84.8191
hÃ©Ã©l	7455	454352319	84.8205
aziatisch	7454	454359773	84.8219
iraans	7454	454367227	84.8233
sedert	7450	454374677	84.8247
breuk	7443	454382120	84.8261
waaien	7443	454389563	84.8274
~	7437	454397000	84.8288
Caroline	7434	454404434	84.8302
besmetten	7432	454411866	84.8316
voetbalclub	7432	454419298	84.833
criticus	7431	454426729	84.8344
700	7427	454434156	84.8358
illustreren	7427	454441583	84.8372
len	7425	454449008	84.8385
King	7421	454456429	84.8399
kogel	7418	454463847	84.8413
technologisch	7415	454471262	84.8427
stelsel	7414	454478676	84.8441
overgaan	7413	454486089	84.8455
NAVO	7410	454493499	84.8468
APPLAUS	7407	454500906	84.8482
misbruiken	7401	454508307	84.8496
Velde	7397	454515704	84.851
greep	7397	454523101	84.8524
tegenhouden	7397	454530498	84.8538
jurk	7387	454537885	84.8551
dankbaar	7384	454545269	84.8565
badkamer	7383	454552652	84.8579
weggaan	7379	454560031	84.8593
uitgebreid	7374	454567405	84.8606
overeen	7372	454574777	84.862
afzetten	7370	454582147	84.8634
invaller	7367	454589514	84.8648
schadelijk	7365	454596879	84.8661
Lee	7362	454604241	84.8675
hoofdredacteur	7361	454611602	84.8689
secundair	7360	454618962	84.8703
stal	7359	454626321	84.8716
opgaan	7358	454633679	84.873
middenveld	7357	454641036	84.8744
verdomme	7356	454648392	84.8758
aantreden	7353	454655745	84.8771
soep	7352	454663097	84.8785
glazen	7351	454670448	84.8799
weerstand	7348	454677796	84.8813
chocolade	7345	454685141	84.8826
canadees	7336	454692477	84.884
onrust	7327	454699804	84.8854
Willems	7326	454707130	84.8867
besef	7324	454714454	84.8881
genoegen	7324	454721778	84.8895
Ronald	7320	454729098	84.8908
20.000	7319	454736417	84.8922
Aarschot	7316	454743733	84.8936
Wenen	7316	454751049	84.8949
compenseren	7313	454758362	84.8963
nader	7311	454765673	84.8977
naarmate	7309	454772982	84.899
atelier	7301	454780283	84.9004
Nederlandse	7299	454787582	84.9017
ban	7296	454794878	84.9031
fantasie	7292	454802170	84.9045
Turken	7291	454809461	84.9058
leer	7291	454816752	84.9072
Somers	7290	454824042	84.9086
barsten	7289	454831331	84.9099
deugd	7289	454838620	84.9113
veroordeling	7288	454845908	84.9126
gevangene	7287	454853195	84.914
vermelding	7287	454860482	84.9154
demonstratie	7285	454867767	84.9167
goh	7285	454875052	84.9181
Linda	7283	454882335	84.9194
Milosevic	7280	454889615	84.9208
plafond	7280	454896895	84.9222
globaal	7279	454904174	84.9235
aardbeving	7274	454911448	84.9249
Eeklo	7271	454918719	84.9262
beÃ«indigen	7270	454925989	84.9276
offensief	7270	454933259	84.9289
laden	7264	454940523	84.9303
Zee	7262	454947785	84.9317
verbazing	7260	454955045	84.933
interieur	7259	454962304	84.9344
On	7256	454969560	84.9357
zorgvuldig	7255	454976815	84.9371
mentaliteit	7250	454984065	84.9384
waarnemer	7250	454991315	84.9398
zuchten	7248	454998563	84.9411
evident	7246	455005809	84.9425
Milan	7244	455013053	84.9438
knoop	7242	455020295	84.9452
Kenny	7241	455027536	84.9465
journalistiek	7241	455034777	84.9479
vloeien	7241	455042018	84.9492
volume	7240	455049258	84.9506
burgeroorlog	7238	455056496	84.952
life	7237	455063733	84.9533
3de	7230	455070963	84.9547
rechtszaak	7230	455078193	84.956
tijdig	7228	455085421	84.9574
sms	7225	455092646	84.9587
herkenbaar	7223	455099869	84.96
lichten	7219	455107088	84.9614
berekening	7218	455114306	84.9627
stapel	7218	455121524	84.9641
Dewael	7216	455128740	84.9654
Ludo	7208	455135948	84.9668
}	7205	455143153	84.9681
ernaar	7202	455150355	84.9695
voorschrijven	7202	455157557	84.9708
FreeStyle	7201	455164758	84.9722
opletten	7201	455171959	84.9735
verkrijgbaar	7198	455179157	84.9749
del	7195	455186352	84.9762
beginsel	7193	455193545	84.9775
t-shirt	7193	455200738	84.9789
meerwaarde	7189	455207927	84.9802
nutteloos	7189	455215116	84.9816
rijkdom	7188	455222304	84.9829
kraken	7187	455229491	84.9842
130	7186	455236677	84.9856
virtueel	7186	455243863	84.9869
afwijken	7180	455251043	84.9883
Johannes	7176	455258219	84.9896
overleggen	7173	455265392	84.9909
stilstaan	7169	455272561	84.9923
xx	7169	455279730	84.9936
raak	7167	455286897	84.995
Nathalie	7164	455294061	84.9963
Bossche	7163	455301224	84.9976
volwaardig	7163	455308387	84.999
Fortuyn	7162	455315549	85.0003
Erwin	7159	455322708	85.0016
betoging	7157	455329865	85.003
eng	7155	455337020	85.0043
Music	7150	455344170	85.0057
brouwerij	7149	455351319	85.007
Francis	7142	455358461	85.0083
mm	7138	455365599	85.0097
communiceren	7135	455372734	85.011
schande	7135	455379869	85.0123
transactie	7132	455387001	85.0137
bioscoop	7130	455394131	85.015
wacht	7130	455401261	85.0163
Vlaams-Brabant	7129	455408390	85.0176
Inge	7122	455415512	85.019
1972	7120	455422632	85.0203
taart	7119	455429751	85.0216
Ingrid	7116	455436867	85.023
horeca	7114	455443981	85.0243
plank	7113	455451094	85.0256
Subtitles	7111	455458205	85.0269
D66	7109	455465314	85.0283
Zele	7109	455472423	85.0296
Maurice	7107	455479530	85.0309
heftig	7104	455486634	85.0323
Manon	7102	455493736	85.0336
Mary	7101	455500837	85.0349
ogen	7101	455507938	85.0362
bewerken	7100	455515038	85.0376
bakker	7099	455522137	85.0389
bedekken	7096	455529233	85.0402
koppen	7095	455536328	85.0415
bereikbaar	7094	455543422	85.0429
Robin	7093	455550515	85.0442
koor	7093	455557608	85.0455
omtrent	7092	455564700	85.0468
Marianne	7079	455571779	85.0481
flat	7078	455578857	85.0495
column	7074	455585931	85.0508
benadering	7069	455593000	85.0521
nest	7068	455600068	85.0534
Ita	7060	455607128	85.0547
her	7059	455614187	85.0561
vooralsnog	7059	455621246	85.0574
slogan	7051	455628297	85.0587
doodstraf	7049	455635346	85.06
Leopold	7045	455642391	85.0613
peper	7042	455649433	85.0626
ondergronds	7041	455656474	85.064
matig	7039	455663513	85.0653
cutie	7037	455670550	85.0666
knikken	7035	455677585	85.0679
pol	7029	455684614	85.0692
Hongarije	7022	455691636	85.0705
State	7021	455698657	85.0718
Johnny	7020	455705677	85.0731
el	7019	455712696	85.0745
verwoesten	7015	455719711	85.0758
Izegem	7014	455726725	85.0771
RoemeniÃ«	7014	455733739	85.0784
mailen	7014	455740753	85.0797
scheuren	7013	455747766	85.081
Duitser	7011	455754777	85.0823
hee	7011	455761788	85.0836
neerzetten	7011	455768799	85.0849
sexy	7011	455775810	85.0862
ploegmaat	7008	455782818	85.0875
onderbrengen	7007	455789825	85.0889
Dimitri	7003	455796828	85.0902
Jackson	7002	455803830	85.0915
can	7002	455810832	85.0928
opvoeden	7002	455817834	85.0941
traject	6997	455824831	85.0954
Poetin	6996	455831827	85.0967
vergeven	6995	455838822	85.098
continent	6989	455845811	85.0993
enz	6989	455852800	85.1006
export	6988	455859788	85.1019
fuif	6984	455866772	85.1032
Milaan	6983	455873755	85.1045
OekraÃ¯ne	6983	455880738	85.1058
Dick	6981	455887719	85.1071
parkeerplaats	6981	455894700	85.1084
White	6979	455901679	85.1097
optimistisch	6976	455908655	85.111
huwen	6975	455915630	85.1123
1971	6971	455922601	85.1136
resteren	6970	455929571	85.1149
Duivels	6969	455936540	85.1162
Pol	6969	455943509	85.1175
chip	6969	455950478	85.1188
veeleer	6968	455957446	85.1201
kleedkamer	6967	455964413	85.1214
vo	6967	455971380	85.1227
AMSTERDAM	6962	455978342	85.124
trek	6961	455985303	85.1253
p.	6957	455992260	85.1266
gelijkmaker	6953	455999213	85.1279
kids	6951	456006164	85.1292
smelten	6950	456013114	85.1305
doodschieten	6949	456020063	85.1318
Smith	6948	456027011	85.1331
dol	6948	456033959	85.1344
knippen	6948	456040907	85.1357
Berlusconi	6944	456047851	85.137
circuit	6943	456054794	85.1383
prijzen	6942	456061736	85.1396
afwachting	6941	456068677	85.1409
berucht	6941	456075618	85.1422
One	6940	456082558	85.1435
handeling	6936	456089494	85.1448
maandelijks	6936	456096430	85.1461
Hof	6935	456103365	85.1474
Vermeulen	6935	456110300	85.1487
bestelling	6935	456117235	85.15
container	6934	456124169	85.1513
voetbalbond	6928	456131097	85.1526
long	6925	456138022	85.1539
logica	6924	456144946	85.1551
voluit	6923	456151869	85.1564
Herentals	6921	456158790	85.1577
betaalbaar	6921	456165711	85.159
ANP	6920	456172631	85.1603
VoilÃ 	6920	456179551	85.1616
halfweg	6920	456186471	85.1629
Wauters	6919	456193390	85.1642
kwalijk	6918	456200308	85.1655
tropisch	6915	456207223	85.1668
No	6912	456214135	85.1681
voorgaan	6912	456221047	85.1694
misdrijf	6911	456227958	85.1706
echtpaar	6907	456234865	85.1719
LOL	6906	456241771	85.1732
afmaken	6906	456248677	85.1745
get	6901	456255578	85.1758
kwalificatie	6901	456262479	85.1771
Rus	6900	456269379	85.1784
volgende	6900	456276279	85.1797
versnellen	6897	456283176	85.181
140	6896	456290072	85.1822
zweren	6890	456296962	85.1835
Etienne	6885	456303847	85.1848
Sarkozy	6884	456310731	85.1861
aankopen	6882	456317613	85.1874
verkrachten	6881	456324494	85.1887
geografisch	6880	456331374	85.19
assistent	6878	456338252	85.1912
nl	6878	456345130	85.1925
renovatie	6875	456352005	85.1938
Windows	6869	456358874	85.1951
isoleren	6869	456365743	85.1964
dreiging	6864	456372607	85.1976
halverwege	6864	456379471	85.1989
kroon	6864	456386335	85.2002
Gods	6863	456393198	85.2015
vuurwerk	6863	456400061	85.2028
Koksijde	6862	456406923	85.2041
VS.	6860	456413783	85.2053
hol	6859	456420642	85.2066
Centraal	6855	456427497	85.2079
bijbel	6855	456434352	85.2092
onthullen	6853	456441205	85.2105
idioom	6850	456448055	85.2117
sophiev	6849	456454904	85.213
volhouden	6849	456461753	85.2143
brochure	6848	456468601	85.2156
ondertitel	6847	456475448	85.2168
Vries	6845	456482293	85.2181
war	6845	456489138	85.2194
uitbouwen	6844	456495982	85.2207
nieuweling	6841	456502823	85.222
verschaffen	6839	456509662	85.2232
Maldegem	6838	456516500	85.2245
hoofdzakelijk	6838	456523338	85.2258
klooster	6838	456530176	85.2271
ruit	6836	456537012	85.2283
benoeming	6835	456543847	85.2296
ecologisch	6834	456550681	85.2309
toestaan	6833	456557514	85.2322
splitsing	6829	456564343	85.2334
ethisch	6828	456571171	85.2347
Kempen	6826	456577997	85.236
Martine	6825	456584822	85.2373
new	6823	456591645	85.2385
standard	6823	456598468	85.2398
verbeelding	6821	456605289	85.2411
vreugde	6821	456612110	85.2424
verschijnsel	6819	456618929	85.2436
prof	6818	456625747	85.2449
Europe	6817	456632564	85.2462
paspoort	6813	456639377	85.2475
botsing	6810	456646187	85.2487
nagaan	6810	456652997	85.25
Dessel	6808	456659805	85.2513
toetreding	6807	456666612	85.2525
Wall	6805	456673417	85.2538
gebaar	6804	456680221	85.2551
gevel	6801	456687022	85.2563
helikopter	6796	456693818	85.2576
visueel	6796	456700614	85.2589
mexicaans	6795	456707409	85.2602
inleveren	6794	456714203	85.2614
uiting	6786	456720989	85.2627
haags	6785	456727774	85.264
inspecteur	6783	456734557	85.2652
Das	6779	456741336	85.2665
duister	6776	456748112	85.2678
maag	6775	456754887	85.269
alleenstaand	6774	456761661	85.2703
piste	6774	456768435	85.2715
vrees	6774	456775209	85.2728
Life	6770	456781979	85.2741
juichen	6768	456788747	85.2753
toer	6768	456795515	85.2766
doorvoeren	6765	456802280	85.2779
Volkswagen	6762	456809042	85.2791
certificaat	6759	456815801	85.2804
samenvatting	6755	456822556	85.2816
grtz	6751	456829307	85.2829
beloning	6750	456836057	85.2842
zetelen	6748	456842805	85.2854
dvd	6747	456849552	85.2867
portugees	6746	456856298	85.2879
woestijn	6746	456863044	85.2892
duim	6745	456869789	85.2905
systematisch	6744	456876533	85.2917
Laura	6743	456883276	85.293
gedoe	6743	456890019	85.2942
bevalling	6742	456896761	85.2955
raket	6739	456903500	85.2968
symbolisch	6737	456910237	85.298
vaart	6737	456916974	85.2993
heuvel	6734	456923708	85.3005
waarnemen	6733	456930441	85.3018
etc	6731	456937172	85.303
ritueel	6731	456943903	85.3043
P	6729	456950632	85.3056
lawaai	6729	456957361	85.3068
1500	6726	456964087	85.3081
hierop	6725	456970812	85.3093
BMW	6724	456977536	85.3106
inspectie	6723	456984259	85.3118
clip	6720	456990979	85.3131
fier	6720	456997699	85.3143
goa_ke	6720	457004419	85.3156
Chinezen	6719	457011138	85.3169
buurman	6719	457017857	85.3181
wethouder	6719	457024576	85.3194
neiging	6718	457031294	85.3206
innovatie	6715	457038009	85.3219
Victor	6709	457044718	85.3231
onderbreken	6706	457051424	85.3244
j	6705	457058129	85.3256
juf	6704	457064833	85.3269
sporen	6703	457071536	85.3281
honderdduizend	6702	457078238	85.3294
fascineren	6701	457084939	85.3306
uitkomst	6701	457091640	85.3319
Raymond	6699	457098339	85.3331
d'un	6697	457105036	85.3344
aanklager	6695	457111731	85.3356
neigen	6695	457118426	85.3369
stinken	6694	457125120	85.3381
nieuwjaar	6691	457131811	85.3394
uitreiken	6689	457138500	85.3406
BosniÃ«	6687	457145187	85.3419
overwegend	6686	457151873	85.3431
onwaarschijnlijk	6685	457158558	85.3444
autochtoon	6682	457165240	85.3456
schoot	6679	457171919	85.3469
Russen	6674	457178593	85.3481
kruid	6674	457185267	85.3494
Pauwels	6673	457191940	85.3506
aanloop	6672	457198612	85.3519
impuls	6669	457205281	85.3531
onweer	6668	457211949	85.3543
3000	6667	457218616	85.3556
identificeren	6667	457225283	85.3568
explosief	6665	457231948	85.3581
doorlopen	6664	457238612	85.3593
day	6663	457245275	85.3606
menu	6663	457251938	85.3618
rapporteur	6659	457258597	85.363
participatie	6650	457265247	85.3643
frequentie	6648	457271895	85.3655
workshop	6644	457278539	85.3668
glad	6643	457285182	85.368
procureur	6643	457291825	85.3693
braziliaans	6641	457298466	85.3705
presentator	6639	457305105	85.3717
advertentie	6632	457311737	85.373
Ronny	6630	457318367	85.3742
huurder	6628	457324995	85.3754
ruilen	6628	457331623	85.3767
aanrijden	6627	457338250	85.3779
Wevelgem	6625	457344875	85.3792
Laden	6623	457351498	85.3804
Sharon	6621	457358119	85.3816
nadrukkelijk	6620	457364739	85.3829
front	6618	457371357	85.3841
isbn	6618	457377975	85.3853
:d	6614	457384589	85.3866
overkant	6614	457391203	85.3878
begeven	6612	457397815	85.389
logo	6611	457404426	85.3903
